10.594575999999996  19159.96866979999  32.0 
21.202224000000015  19159.934593999977  64.0 
31.81205066666672  19159.900060599964  96.0 
42.421877333333406  19159.865527199952  128.0 
53.03061466666674  19159.83122259994  160.0 
63.64153066666672  19159.796460399928  192.0 
74.2502679999998  19159.762155799915  224.0 
84.86118399999964  19159.727393599904  256.0 
95.46992133333269  19159.69308899989  288.0 
106.07974799999919  19159.65855559988  320.0 
116.68957466666565  19159.624022199867  352.0 
127.2994013333321  19159.589488799855  384.0 
137.91031733333205  19159.554726599843  416.0 
148.52014399999857  19159.52019319983  448.0 
159.1288813333318  19159.48588859982  480.0 
169.73979733333195  19159.451126399807  512.0 
180.3496239999985  19159.416592999794  544.0 
190.95727199999843  19159.38251719978  576.0 
201.567098666665  19159.34798379977  608.0 
212.17692533333167  19159.313450399757  640.0 
222.7867519999983  19159.278916999745  672.0 
233.39439999999826  19159.244841199732  704.0 
244.00531599999812  19159.21007899972  736.0 
254.6151426666647  19159.175545599708  768.0 
265.22496933333116  19159.141012199696  800.0 
275.8337066666641  19159.106707599683  832.0 
286.44244399999724  19159.07240299967  864.0 
297.0533599999969  19159.03764079966  896.0 
307.66427599999645  19159.002878599647  928.0 
318.27301333332974  19158.968573999635  960.0 
328.88175066666287  19158.934269399622  992.0 
339.4926666666626  19158.89950719961  1024.0 
350.10140399999545  19158.865202599598  1056.0 
360.7123199999952  19158.830440399586  1088.0 
371.3210573333283  19158.796135799574  1120.0 
381.9308839999945  19158.76160239956  1152.0 
392.54179999999434  19158.72684019955  1184.0 
403.15162666666066  19158.692306799538  1216.0 
413.76036399999356  19158.658002199525  1248.0 
424.37127999999365  19158.623239999513  1280.0 
434.9789279999931  19158.5891641995  1312.0 
445.5865759999927  19158.555088399487  1344.0 
456.1974919999922  19158.520326199476  1376.0 
466.8062293333253  19158.486021599463  1408.0 
477.41714533332487  19158.45125939945  1440.0 
488.02697199999096  19158.41672599944  1472.0 
498.6367986666575  19158.382192599427  1504.0 
509.2466253333236  19158.347659199415  1536.0 
519.856451999991  19158.313125799403  1568.0 
530.4673679999928  19158.27836359939  1600.0 
541.0782839999944  19158.24360139938  1632.0 
551.688110666662  19158.209067999367  1664.0 
562.2990266666634  19158.174305799355  1696.0 
572.9099426666646  19158.139543599344  1728.0 
583.5175906666661  19158.10546779933  1760.0 
594.1274173333337  19158.07093439932  1792.0 
604.7372440000019  19158.036400999306  1824.0 
615.3459813333366  19158.002096399294  1856.0 
625.9547186666708  19157.96779179928  1888.0 
636.5634560000053  19157.93348719927  1920.0 
647.1732826666729  19157.898953799257  1952.0 
657.783109333341  19157.864420399244  1984.0 
668.3918466666755  19157.830115799232  2016.0 
679.0016733333428  19157.79558239922  2048.0 
689.6115000000106  19157.761048999208  2080.0 
700.220237333345  19157.726744399195  2112.0 
710.8300640000133  19157.692210999183  2144.0 
721.4388013333481  19157.65790639917  2176.0 
732.0475386666823  19157.623601799158  2208.0 
742.6573653333502  19157.589068399146  2240.0 
753.266102666685  19157.554763799133  2272.0 
763.8759293333532  19157.52023039912  2304.0 
774.4868453333538  19157.48546819911  2336.0 
785.0966720000223  19157.450934799097  2368.0 
795.7054093333569  19157.416630199084  2400.0 
806.315236000025  19157.382096799072  2432.0 
816.9250626666932  19157.34756339906  2464.0 
827.532710666694  19157.313487599047  2496.0 
838.1425373333624  19157.278954199035  2528.0 
848.7523640000298  19157.244420799023  2560.0 
859.3611013333643  19157.21011619901  2592.0 
869.9709280000327  19157.175582799  2624.0 
880.5796653333674  19157.141278198986  2656.0 
891.1894920000353  19157.106744798974  2688.0 
901.7982293333699  19157.07244019896  2720.0 
912.4080560000381  19157.03790679895  2752.0 
923.0178826667062  19157.003373398937  2784.0 
933.6266200000408  19156.969068798924  2816.0 
944.2364466667091  19156.934535398912  2848.0 
954.8451840000434  19156.9002307989  2880.0 
965.4561000000448  19156.865468598888  2912.0 
976.0637480000462  19156.831392798875  2944.0 
986.6724853333806  19156.797088198862  2976.0 
997.2812226667155  19156.76278359885  3008.0 
1007.8910493333831  19156.728250198837  3040.0 
1018.5008760000509  19156.693716798825  3072.0 
1029.110702666719  19156.659183398813  3104.0 
1039.7205293333873  19156.6246499988  3136.0 
1050.3303560000575  19156.59011659879  3168.0 
1060.940182666727  19156.555583198777  3200.0 
1071.5500093333956  19156.521049798765  3232.0 
1082.1587466667313  19156.486745198752  3264.0 
1092.7631266667333  19156.453355798738  3296.0 
1103.3729533334026  19156.418822398726  3328.0 
1113.980601333405  19156.384746598713  3360.0 
1124.5915173334072  19156.3499843987  3392.0 
1135.2013440000767  19156.31545099869  3424.0 
1145.808992000079  19156.281375198676  3456.0 
1156.4188186667482  19156.246841798664  3488.0 
1167.027556000083  19156.21253719865  3520.0 
1177.6362933334194  19156.17823259864  3552.0 
1188.2450306667552  19156.143927998626  3584.0 
1198.8548573334235  19156.109394598614  3616.0 
1209.464684000092  19156.074861198602  3648.0 
1220.0745106667603  19156.04032779859  3680.0 
1230.6854266667638  19156.005565598578  3712.0 
1241.2952533334326  19155.971032198566  3744.0 
1251.9050800001012  19155.936498798554  3776.0 
1262.5149066667705  19155.90196539854  3808.0 
1273.123644000106  19155.86766079853  3840.0 
1283.7323813334422  19155.833356198516  3872.0 
1294.3411186667777  19155.799051598504  3904.0 
1304.9498560001127  19155.76474699849  3936.0 
1315.5596826667818  19155.73021359848  3968.0 
1326.1684200001168  19155.695908998467  4000.0 
1336.777157333453  19155.661604398454  4032.0 
1347.3858946667888  19155.62729979844  4064.0 
1357.9957213334574  19155.59276639843  4096.0 
1368.604458666793  19155.558461798417  4128.0 
1379.2131960001293  19155.524157198404  4160.0 
1389.8208440001315  19155.49008139839  4192.0 
1400.4317600001334  19155.45531919838  4224.0 
1411.0404973334696  19155.421014598367  4256.0 
1421.6503240001384  19155.386481198355  4288.0 
1432.2612400001397  19155.351718998343  4320.0 
1442.8688880001423  19155.31764319833  4352.0 
1453.4787146668114  19155.283109798318  4384.0 
1464.0863626668145  19155.249033998305  4416.0 
1474.6951000001507  19155.214729398293  4448.0 
1485.30165866682  19155.18088239828  4480.0 
1495.9125746668221  19155.146120198267  4512.0 
1506.5202226668243  19155.112044398255  4544.0 
1517.1300493334934  19155.077510998242  4576.0 
1527.7387866668287  19155.04320639823  4608.0 
1538.3475240001642  19155.008901798217  4640.0 
1548.9562613335002  19154.974597198205  4672.0 
1559.5660880001692  19154.940063798193  4704.0 
1570.1748253335052  19154.90575919818  4736.0 
1580.7857413335073  19154.87099699817  4768.0 
1591.3944786668437  19154.836692398156  4800.0 
1602.0032160001795  19154.802387798143  4832.0 
1612.6130426668485  19154.76785439813  4864.0 
1623.222869333518  19154.73332099812  4896.0 
1633.8305173335204  19154.699245198106  4928.0 
1644.44034400019  19154.664711798094  4960.0 
1655.0501706668583  19154.63017839808  4992.0 
1665.6589080001927  19154.59587379807  5024.0 
1676.2676453335273  19154.561569198057  5056.0 
1686.876382666862  19154.527264598044  5088.0 
1697.4840306668639  19154.49318879803  5120.0 
1708.0938573335322  19154.45865539802  5152.0 
1718.7025946668684  19154.424350798006  5184.0 
1729.3124213335366  19154.389817397994  5216.0 
1739.9211586668728  19154.35551279798  5248.0 
1750.5309853335414  19154.32097939797  5280.0 
1761.1397226668767  19154.286674797957  5312.0 
1771.7495493335457  19154.252141397945  5344.0 
1782.3582866668808  19154.217836797932  5376.0 
1792.968113333548  19154.18330339792  5408.0 
1803.576850666884  19154.148998797908  5440.0 
1814.1866773335526  19154.114465397895  5472.0 
1824.7965040002216  19154.079931997883  5504.0 
1835.404152000222  19154.04585619787  5536.0 
1846.0139786668915  19154.011322797858  5568.0 
1856.6216266668937  19153.977246997845  5600.0 
1867.2314533335625  19153.942713597833  5632.0 
1877.841280000231  19153.90818019782  5664.0 
1888.4521960002323  19153.87341799781  5696.0 
1899.0598440002352  19153.839342197796  5728.0 
1909.6707600002383  19153.804579997784  5760.0 
1920.2794973335735  19153.770275397772  5792.0 
1930.8882346669097  19153.73597079776  5824.0 
1941.4980613335779  19153.701437397747  5856.0 
1952.1067986669143  19153.667132797735  5888.0 
1962.7177146669167  19153.632370597723  5920.0 
1973.328630666919  19153.59760839771  5952.0 
1983.9362786669217  19153.5635325977  5984.0 
1994.5428373335887  19153.529685597685  6016.0 
2005.1537533335918  19153.494923397673  6048.0 
2015.762490666927  19153.46061879766  6080.0 
2026.3701386669304  19153.426542997648  6112.0 
2036.9799653335992  19153.392009597635  6144.0 
2047.5897920002683  19153.357476197623  6176.0 
2058.1996186669335  19153.32294279761  6208.0 
2068.8094453336016  19153.2884093976  6240.0 
2079.417093333606  19153.254333597586  6272.0 
2090.0269200002726  19153.219800197574  6304.0 
2100.634568000274  19153.18572439756  6336.0 
2111.24330533361  19153.15141979755  6368.0 
2121.8542213336095  19153.116657597537  6400.0 
2132.4629586669453  19153.082352997524  6432.0 
2143.0738746669454  19153.047590797512  6464.0 
2153.683701333613  19153.0130573975  6496.0 
2164.29352800028  19152.978523997488  6528.0 
2174.903354666949  19152.943990597476  6560.0 
2185.513181333619  19152.909457197464  6592.0 
2196.12409733362  19152.874694997452  6624.0 
2206.735013333622  19152.83993279744  6656.0 
2217.343750666957  19152.805628197428  6688.0 
2227.954666666958  19152.770865997416  6720.0 
2238.565582666959  19152.736103797404  6752.0 
2249.1732306669596  19152.70202799739  6784.0 
2259.783057333627  19152.66749459738  6816.0 
2270.3928840002936  19152.632961197367  6848.0 
2281.002710666964  19152.598427797355  6880.0 
2291.611448000299  19152.564123197342  6912.0 
2302.2212746669643  19152.52958979733  6944.0 
2312.831101333633  19152.495056397318  6976.0 
2323.4409280003006  19152.460522997306  7008.0 
2334.049665333635  19152.426218397293  7040.0 
2344.659492000302  19152.39168499728  7072.0 
2355.2704080003036  19152.35692279727  7104.0 
2365.8813240003055  19152.322160597258  7136.0 
2376.490061333639  19152.287855997245  7168.0 
2387.098798666973  19152.253551397233  7200.0 
2397.7075360003073  19152.21924679722  7232.0 
2408.3162733336426  19152.184942197207  7264.0 
2418.9271893336436  19152.150179997196  7296.0 
2429.537016000313  19152.115646597184  7328.0 
2440.1479320003145  19152.08088439717  7360.0 
2450.757758666981  19152.04635099716  7392.0 
2461.3675853336495  19152.011817597147  7424.0 
2471.9763226669834  19151.977512997135  7456.0 
2482.5872386669876  19151.942750797123  7488.0 
2493.19270800032  19151.90913259711  7520.0 
2503.802534666986  19151.874599197097  7552.0 
2514.4134506669857  19151.839836997086  7584.0 
2525.0221880003196  19151.805532397073  7616.0 
2535.632014666989  19151.77099899706  7648.0 
2546.241841333658  19151.73646559705  7680.0 
2556.8516680003227  19151.701932197037  7712.0 
2567.461494666991  19151.667398797024  7744.0 
2578.071321333659  19151.632865397012  7776.0 
2588.681148000326  19151.598331997  7808.0 
2599.2920640003254  19151.56356979699  7840.0 
2609.901890666992  19151.529036396976  7872.0 
2620.5128066669945  19151.494274196964  7904.0 
2631.1237226669946  19151.459511996953  7936.0 
2641.731370666998  19151.42543619694  7968.0 
2652.3411973336656  19151.390902796928  8000.0 
2662.951024000332  19151.356369396915  8032.0 
2673.5597613336645  19151.322064796903  8064.0 
2684.169588000334  19151.28753139689  8096.0 
2694.7783253336697  19151.253226796878  8128.0 
2705.3881520003342  19151.218693396866  8160.0 
2715.997978667002  19151.184159996854  8192.0 
2726.607805333669  19151.14962659684  8224.0 
2737.21872133367  19151.11486439683  8256.0 
2747.8285480003374  19151.080330996818  8288.0 
2758.437285333671  19151.046026396805  8320.0 
2769.047112000338  19151.011492996793  8352.0 
2779.654760000341  19150.97741719678  8384.0 
2790.263497333675  19150.943112596768  8416.0 
2800.873324000342  19150.908579196755  8448.0 
2811.482061333677  19150.874274596743  8480.0 
2822.091888000346  19150.83974119673  8512.0 
2832.700625333683  19150.80543659672  8544.0 
2843.310452000351  19150.770903196706  8576.0 
2853.919189333685  19150.736598596694  8608.0 
2864.529016000354  19150.70206519668  8640.0 
2875.1388426670214  19150.66753179667  8672.0 
2885.747580000356  19150.633227196657  8704.0 
2896.357406667024  19150.598693796645  8736.0 
2906.9672333336903  19150.564160396632  8768.0 
2917.5748813336913  19150.53008459662  8800.0 
2928.18470800036  19150.495551196607  8832.0 
2938.793445333693  19150.461246596595  8864.0 
2949.4032720003597  19150.426713196583  8896.0 
2960.0120093336955  19150.39240859657  8928.0 
2970.620746667027  19150.358103996557  8960.0 
2981.2305733336957  19150.323570596545  8992.0 
2991.83931066703  19150.289265996533  9024.0 
3002.4491373337005  19150.25473259652  9056.0 
3013.057874667032  19150.220427996508  9088.0 
3023.6677013336985  19150.185894596496  9120.0 
3034.275349333702  19150.151818796483  9152.0 
3044.8840866670344  19150.11751419647  9184.0 
3055.4928240003683  19150.083209596458  9216.0 
3066.103740000369  19150.048447396446  9248.0 
3076.7124773337027  19150.014142796434  9280.0 
3087.322304000372  19149.97960939642  9312.0 
3097.932130667039  19149.94507599641  9344.0 
3108.540868000375  19149.910771396397  9376.0 
3119.1506946670424  19149.876237996385  9408.0 
3129.759432000376  19149.841933396372  9440.0 
3140.3681693337094  19149.80762879636  9472.0 
3150.97254933371  19149.774239396345  9504.0 
3161.5834653337092  19149.739477196334  9536.0 
3172.19111333371  19149.70540139632  9568.0 
3182.8009400003807  19149.67086799631  9600.0 
3193.4107666670457  19149.636334596296  9632.0 
3204.018414667046  19149.602258796283  9664.0 
3214.6271520003816  19149.56795419627  9696.0 
3225.235889333716  19149.53364959626  9728.0 
3235.8446266670485  19149.499344996246  9760.0 
3246.4533640003833  19149.465040396233  9792.0 
3257.063190667052  19149.43050699622  9824.0 
3267.671928000387  19149.39620239621  9856.0 
3278.281754667052  19149.361668996196  9888.0 
3288.8926706670527  19149.326906796185  9920.0 
3299.5024973337204  19149.292373396172  9952.0 
3310.1123240003867  19149.25783999616  9984.0 
3320.722150667053  19149.223306596148  10016.0 
3331.3308880003888  19149.189001996136  10048.0 
3341.939625333723  19149.154697396123  10080.0 
3352.5494520003913  19149.12016399611  10112.0 
3363.157100000393  19149.086088196098  10144.0 
3373.766926667061  19149.051554796086  10176.0 
3384.375664000396  19149.017250196073  10208.0 
3394.9844013337292  19148.98294559606  10240.0 
3405.5931386670636  19148.94864099605  10272.0 
3416.2029653337304  19148.914107596036  10304.0 
3426.8117026670648  19148.879802996023  10336.0 
3437.420440000399  19148.84549839601  10368.0 
3448.028088000401  19148.811422595998  10400.0 
3458.6379146670697  19148.776889195986  10432.0 
3469.2466520004045  19148.742584595973  10464.0 
3479.856478667072  19148.70805119596  10496.0 
3490.4673946670764  19148.67328899595  10528.0 
3501.0750426670784  19148.639213195936  10560.0 
3511.6848693337447  19148.604679795924  10592.0 
3522.292517333747  19148.57060399591  10624.0 
3532.9012546670815  19148.5362993959  10656.0 
3543.50781333375  19148.502452395885  10688.0 
3554.11872933375  19148.467690195874  10720.0 
3564.726377333751  19148.43361439586  10752.0 
3575.3362040004185  19148.39908099585  10784.0 
3585.9449413337534  19148.364776395836  10816.0 
3596.5525893337563  19148.330700595823  10848.0 
3607.1624160004253  19148.29616719581  10880.0 
3617.7722426670935  19148.2616337958  10912.0 
3628.380980000425  19148.227329195786  10944.0 
3638.991896000427  19148.192566995775  10976.0 
3649.5995440004276  19148.15849119576  11008.0 
3660.207192000428  19148.12441539575  11040.0 
3670.817018667096  19148.089881995737  11072.0 
3681.426845333765  19148.055348595724  11104.0 
3692.034493333766  19148.02127279571  11136.0 
3702.644320000435  19147.9867393957  11168.0 
3713.253057333768  19147.952434795687  11200.0 
3723.8617946671047  19147.918130195674  11232.0 
3734.4705320004396  19147.88382559566  11264.0 
3745.0781800004406  19147.84974979565  11296.0 
3755.6880066671106  19147.815216395637  11328.0 
3766.2978333337774  19147.780682995624  11360.0 
3776.90657066711  19147.746378395612  11392.0 
3787.5163973337776  19147.7118449956  11424.0 
3798.125134667112  19147.677540395587  11456.0 
3808.736050667113  19147.642778195575  11488.0 
3819.3447880004483  19147.608473595563  11520.0 
3829.954614667116  19147.57394019555  11552.0 
3840.5644413337836  19147.53940679554  11584.0 
3851.1742680004522  19147.504873395526  11616.0 
3861.7851840004523  19147.470111195515  11648.0 
3872.3950106671223  19147.435577795502  11680.0 
3883.0048373337877  19147.40104439549  11712.0 
3893.615753333789  19147.36628219548  11744.0 
3904.2255800004577  19147.331748795466  11776.0 
3914.8332280004597  19147.297672995453  11808.0 
3925.443054667127  19147.26313959544  11840.0 
3936.0528813337937  19147.22860619543  11872.0 
3946.6627080004628  19147.194072795417  11904.0 
3957.270356000465  19147.159996995404  11936.0 
3967.881272000463  19147.125234795392  11968.0 
3978.4900093337965  19147.09093019538  12000.0 
3989.099836000463  19147.056396795368  12032.0 
3999.708573333797  19147.022092195355  12064.0 
4010.3173106671334  19146.987787595343  12096.0 
4020.928226667134  19146.95302539533  12128.0 
4031.5391426671376  19146.91826319532  12160.0 
4042.1478800004706  19146.883958595306  12192.0 
4052.7566173338073  19146.849653995294  12224.0 
4063.3675333338097  19146.814891795282  12256.0 
4073.9762706671413  19146.78058719527  12288.0 
4084.5850080004748  19146.746282595257  12320.0 
4095.1937453338096  19146.711977995245  12352.0 
4105.803572000469  19146.677444595232  12384.0 
4116.4133986671295  19146.64291119522  12416.0 
4127.023225333788  19146.608377795208  12448.0 
4137.63196266711  19146.574073195196  12480.0 
4148.242878667105  19146.539310995184  12512.0 
4158.850526667098  19146.50523519517  12544.0 
4169.459264000426  19146.47093059516  12576.0 
4180.070180000422  19146.436168395147  12608.0 
4190.678917333746  19146.401863795134  12640.0 
4201.28983333374  19146.367101595122  12672.0 
4211.899660000398  19146.33256819511  12704.0 
4222.509486667057  19146.298034795098  12736.0 
4233.119313333711  19146.263501395086  12768.0 
4243.729140000368  19146.228967995074  12800.0 
4254.340056000359  19146.194205795062  12832.0 
4264.950972000352  19146.15944359505  12864.0 
4275.560798667007  19146.124910195038  12896.0 
4286.171714666999  19146.090147995026  12928.0 
4296.782630666989  19146.055385795014  12960.0 
4307.390278666979  19146.021309995  12992.0 
4318.000105333635  19145.98677659499  13024.0 
4328.609932000293  19145.952243194977  13056.0 
4339.218669333621  19145.917938594965  13088.0 
4349.827406666948  19145.883633994952  13120.0 
4360.43723333361  19145.84910059494  13152.0 
4371.047060000265  19145.814567194928  13184.0 
4381.6568866669295  19145.780033794916  13216.0 
4392.2656240002525  19145.745729194903  13248.0 
4402.875450666914  19145.71119579489  13280.0 
4413.486366666908  19145.67643359488  13312.0 
4424.09510400023  19145.642128994867  13344.0 
4434.704930666886  19145.607595594855  13376.0 
4445.3136680002135  19145.573290994842  13408.0 
4455.922405333541  19145.53898639483  13440.0 
4466.532232000198  19145.504452994817  13472.0 
4477.140969333525  19145.470148394805  13504.0 
4487.750796000187  19145.435614994793  13536.0 
4498.361712000177  19145.40085279478  13568.0 
4508.9715386668395  19145.36631939477  13600.0 
4519.580276000161  19145.332014794756  13632.0 
4530.190102666826  19145.297481394744  13664.0 
4540.799929333481  19145.26294799473  13696.0 
4551.405398666809  19145.229329794718  13728.0 
4562.01522533347  19145.194796394706  13760.0 
4572.625052000129  19145.160262994694  13792.0 
4583.233789333458  19145.12595839468  13824.0 
4593.843616000118  19145.09142499467  13856.0 
4604.453442666776  19145.056891594657  13888.0 
4615.063269333433  19145.022358194645  13920.0 
4625.672006666756  19144.988053594632  13952.0 
4636.28183333342  19144.95352019462  13984.0 
4646.8916600000775  19144.918986794608  14016.0 
4657.5025760000735  19144.884224594596  14048.0 
4668.112402666736  19144.849691194584  14080.0 
4678.721140000064  19144.81538659457  14112.0 
4689.3320560000575  19144.78062439456  14144.0 
4699.93970400005  19144.746548594547  14176.0 
4710.549530666705  19144.712015194535  14208.0 
4721.158268000035  19144.677710594522  14240.0 
4731.768094666691  19144.64317719451  14272.0 
4742.377921333348  19144.608643794498  14304.0 
4752.986658666673  19144.574339194485  14336.0 
4763.596485333333  19144.539805794473  14368.0 
4774.20631199999  19144.50527239446  14400.0 
4784.816138666648  19144.47073899445  14432.0 
4795.427054666639  19144.435976794437  14464.0 
4806.036881333295  19144.401443394425  14496.0 
4816.641261333291  19144.36805399441  14528.0 
4827.2510879999445  19144.3335205944  14560.0 
4837.85873599994  19144.299444794386  14592.0 
4848.467473333268  19144.265140194373  14624.0 
4859.077299999927  19144.23060679436  14656.0 
4869.684947999919  19144.196530994348  14688.0 
4880.294774666577  19144.161997594336  14720.0 
4890.903511999909  19144.127692994323  14752.0 
4901.513338666571  19144.09315959431  14784.0 
4912.122075999897  19144.0588549943  14816.0 
4922.731902666559  19144.024321594286  14848.0 
4933.341729333216  19143.989788194274  14880.0 
4943.950466666547  19143.95548359426  14912.0 
4954.561382666534  19143.92072139425  14944.0 
4965.171209333197  19143.886187994238  14976.0 
4975.781035999857  19143.851654594226  15008.0 
4986.390862666517  19143.817121194214  15040.0 
4996.999599999847  19143.7828165942  15072.0 
5007.608337333178  19143.74851199419  15104.0 
5018.217074666506  19143.714207394176  15136.0 
5028.825811999834  19143.679902794163  15168.0 
5039.4356386664895  19143.64536939415  15200.0 
5050.044375999817  19143.61106479414  15232.0 
5060.653113333145  19143.576760194126  15264.0 
5071.261850666473  19143.542455594114  15296.0 
5081.871677333132  19143.5079221941  15328.0 
5092.479325333125  19143.47384639409  15360.0 
5103.088062666452  19143.439541794076  15392.0 
5113.695710666445  19143.405465994063  15424.0 
5124.30662666644  19143.37070379405  15456.0 
5134.915363999766  19143.33639919404  15488.0 
5145.525190666425  19143.301865794027  15520.0 
5156.136106666418  19143.267103594015  15552.0 
5166.74375466641  19143.233027794002  15584.0 
5177.353581333069  19143.19849439399  15616.0 
5187.96231866639  19143.164189793977  15648.0 
5198.571055999721  19143.129885193965  15680.0 
5209.177614666379  19143.09603819395  15712.0 
5219.788530666369  19143.06127599394  15744.0 
5230.396178666365  19143.027200193927  15776.0 
5241.0060053330235  19142.992666793914  15808.0 
5251.614742666352  19142.958362193902  15840.0 
5262.223479999679  19142.92405759389  15872.0 
5272.832217333009  19142.889752993877  15904.0 
5283.440954666339  19142.855448393864  15936.0 
5294.049691999663  19142.82114379385  15968.0 
5304.6606079996545  19142.78638159384  16000.0 
5315.269345332982  19142.752076993827  16032.0 
5325.87808266631  19142.717772393815  16064.0 
5336.487909332967  19142.683238993803  16096.0 
5347.097735999629  19142.64870559379  16128.0 
5357.705383999624  19142.614629793778  16160.0 
5368.315210666283  19142.580096393765  16192.0 
5378.925037332948  19142.545562993753  16224.0 
5389.533774666274  19142.51125839374  16256.0 
5400.142511999604  19142.476953793728  16288.0 
5410.751249332934  19142.442649193716  16320.0 
5421.358897332923  19142.408573393703  16352.0 
5431.968723999579  19142.37403999369  16384.0 
5442.578550666239  19142.33950659368  16416.0 
5453.1883773329  19142.304973193666  16448.0 
5463.7971146662285  19142.270668593654  16480.0 
5474.406941332889  19142.23613519364  16512.0 
5485.015678666216  19142.20183059363  16544.0 
5495.625505332874  19142.167297193617  16576.0 
5506.234242666206  19142.132992593604  16608.0 
5516.844069332867  19142.098459193592  16640.0 
5527.452806666196  19142.06415459358  16672.0 
5538.062633332856  19142.029621193567  16704.0 
5548.672459999514  19141.995087793555  16736.0 
5559.28010799951  19141.961011993542  16768.0 
5569.889934666171  19141.92647859353  16800.0 
5580.497582666165  19141.892402793517  16832.0 
5591.107409332825  19141.857869393505  16864.0 
5601.717235999482  19141.823335993493  16896.0 
5612.328151999475  19141.78857379348  16928.0 
5622.935799999472  19141.75449799347  16960.0 
5633.545626666134  19141.719964593456  16992.0 
5644.154363999462  19141.685659993444  17024.0 
5654.763101332786  19141.65135539343  17056.0 
5665.372927999452  19141.61682199342  17088.0 
5675.982754666114  19141.582288593407  17120.0 
5686.592581332772  19141.547755193395  17152.0 
5697.203497332768  19141.512992993383  17184.0 
5707.8111453327665  19141.47891719337  17216.0 
5718.418793332761  19141.444841393357  17248.0 
5729.028619999417  19141.410307993345  17280.0 
5739.6373573327455  19141.376003393332  17312.0 
5750.245005332738  19141.34192759332  17344.0 
5760.854831999398  19141.307394193307  17376.0 
5771.463569332725  19141.273089593295  17408.0 
5782.073395999386  19141.238556193282  17440.0 
5792.683222666045  19141.20402279327  17472.0 
5803.290870666033  19141.169946993257  17504.0 
5813.900697332697  19141.135413593245  17536.0 
5824.510523999363  19141.100880193233  17568.0 
5835.1192613326875  19141.06657559322  17600.0 
5845.730177332678  19141.03181339321  17632.0 
5856.338914666001  19140.997508793196  17664.0 
5866.949830665993  19140.962746593184  17696.0 
5877.558567999321  19140.928441993172  17728.0 
5888.168394665984  19140.89390859316  17760.0 
5898.7782213326445  19140.859375193148  17792.0 
5909.388047999304  19140.824841793135  17824.0 
5919.998963999298  19140.790079593124  17856.0 
5930.609879999292  19140.755317393112  17888.0 
5941.218617332618  19140.7210127931  17920.0 
5951.8295333326105  19140.686250593088  17952.0 
5962.439359999269  19140.651717193075  17984.0 
5973.047007999264  19140.617641393063  18016.0 
5983.656834665925  19140.58310799305  18048.0 
5994.266661332588  19140.54857459304  18080.0 
6004.876487999252  19140.514041193026  18112.0 
6015.484135999248  19140.479965393013  18144.0 
6026.093962665909  19140.445431993  18176.0 
6036.703789332571  19140.41089859299  18208.0 
6047.313615999233  19140.376365192977  18240.0 
6057.922353332561  19140.342060592964  18272.0 
6068.531090665891  19140.30775599295  18304.0 
6079.142006665881  19140.27299379294  18336.0 
6089.7529226658735  19140.238231592928  18368.0 
6100.3616599992065  19140.203926992916  18400.0 
6110.970397332531  19140.169622392903  18432.0 
6121.579134665855  19140.13531779289  18464.0 
6132.187871999185  19140.101013192878  18496.0 
6142.798787999176  19140.066250992866  18528.0 
6153.407525332505  19140.031946392854  18560.0 
6164.017351999162  19139.99741299284  18592.0 
6174.627178665825  19139.96287959283  18624.0 
6185.237005332486  19139.928346192817  18656.0 
6195.845742665815  19139.894041592805  18688.0 
6206.456658665808  19139.859279392793  18720.0 
6217.064306665799  19139.82520359278  18752.0 
6227.674133332464  19139.790670192768  18784.0 
6238.285049332459  19139.755907992756  18816.0 
6248.8937866657825  19139.721603392743  18848.0 
6259.504702665777  19139.68684119273  18880.0 
6270.11452933244  19139.65230779272  18912.0 
6280.724355999102  19139.617774392707  18944.0 
6291.3341826657625  19139.583240992695  18976.0 
6301.944009332424  19139.548707592683  19008.0 
6312.554925332419  19139.51394539267  19040.0 
6323.16584133241  19139.47918319266  19072.0 
6333.77566799907  19139.444649792647  19104.0 
6344.386583999068  19139.409887592636  19136.0 
6354.997499999064  19139.375125392624  19168.0 
6365.605147999056  19139.34104959261  19200.0 
6376.214974665714  19139.3065161926  19232.0 
6386.824801332376  19139.271982792587  19264.0 
6397.4335386657  19139.237678192574  19296.0 
6408.04227599903  19139.20337359256  19328.0 
6418.651013332357  19139.16906899255  19360.0 
6429.26083999902  19139.134535592537  19392.0 
6439.870666665682  19139.100002192525  19424.0 
6450.479403999008  19139.065697592512  19456.0 
6461.090319999002  19139.0309353925  19488.0 
6471.700146665661  19138.99640199249  19520.0 
6482.308883998987  19138.962097392476  19552.0 
6492.918710665651  19138.927563992464  19584.0 
6503.5274479989785  19138.89325939245  19616.0 
6514.136185332306  19138.85895479244  19648.0 
6524.746011998964  19138.824421392426  19680.0 
6535.354749332289  19138.790116792414  19712.0 
6545.964575998954  19138.7555833924  19744.0 
6556.57440266561  19138.72104999239  19776.0 
6567.184229332268  19138.686516592377  19808.0 
6577.792966665594  19138.652211992365  19840.0 
6588.402793332258  19138.617678592353  19872.0 
6599.012619998919  19138.58314519234  19904.0 
6609.621357332245  19138.548840592328  19936.0 
6620.231183998906  19138.514307192316  19968.0 
6630.841010665563  19138.479773792304  20000.0 
6641.4497479988895  19138.44546919229  20032.0 
6652.059574665549  19138.41093579228  20064.0 
6662.668311998882  19138.376631192266  20096.0 
6673.278138665541  19138.342097792254  20128.0 
6683.886875998869  19138.30779319224  20160.0 
6694.496702665525  19138.27325979223  20192.0 
6705.106529332181  19138.238726392217  20224.0 
6715.715266665512  19138.204421792205  20256.0 
6726.3250933321715  19138.169888392193  20288.0 
6736.933830665497  19138.13558379218  20320.0 
6747.544746665488  19138.10082159217  20352.0 
6758.152394665483  19138.066745792155  20384.0 
6768.761131998809  19138.032441192143  20416.0 
6779.369869332134  19137.99813659213  20448.0 
6789.979695998795  19137.963603192118  20480.0 
6800.5895226654575  19137.929069792106  20512.0 
6811.199349332115  19137.894536392094  20544.0 
6821.809175998773  19137.86000299208  20576.0 
6832.419002665431  19137.82546959207  20608.0 
6843.028829332091  19137.790936192057  20640.0 
6853.637566665416  19137.756631592045  20672.0 
6864.246303998744  19137.722326992032  20704.0 
6874.850683998736  19137.68893759202  20736.0 
6885.460510665395  19137.654404192006  20768.0 
6896.068158665389  19137.620328391993  20800.0 
6906.677985332051  19137.58579499198  20832.0 
6917.287811998711  19137.55126159197  20864.0 
6927.8954599987055  19137.517185791956  20896.0 
6938.505286665365  19137.482652391944  20928.0 
6949.114023998693  19137.44834779193  20960.0 
6959.7227613320165  19137.41404319192  20992.0 
6970.331498665344  19137.379738591906  21024.0 
6980.9413253320035  19137.345205191894  21056.0 
6991.551151998661  19137.31067179188  21088.0 
7002.16097866532  19137.27613839187  21120.0 
7012.771894665308  19137.241376191858  21152.0 
7023.381721331973  19137.206842791846  21184.0 
7033.991547998632  19137.172309391834  21216.0 
7044.600285331956  19137.13800479182  21248.0 
7055.209022665285  19137.10370019181  21280.0 
7065.817759998614  19137.069395591796  21312.0 
7076.426497331941  19137.035090991783  21344.0 
7087.0352346652635  19137.00078639177  21376.0 
7097.645061331924  19136.96625299176  21408.0 
7108.253798665249  19136.931948391746  21440.0 
7118.862535998575  19136.897643791734  21472.0 
7129.471273331902  19136.86333919172  21504.0 
7140.081099998564  19136.82880579171  21536.0 
7150.6898373318945  19136.794501191696  21568.0 
7161.298574665222  19136.760196591684  21600.0 
7171.906222665216  19136.72612079167  21632.0 
7182.517138665213  19136.69135859166  21664.0 
7193.125875998538  19136.657053991647  21696.0 
7203.735702665199  19136.622520591634  21728.0 
7214.346618665192  19136.587758391623  21760.0 
7224.954266665181  19136.55368259161  21792.0 
7235.564093331843  19136.519149191598  21824.0 
7246.171741331831  19136.485073391585  21856.0 
7256.780478665157  19136.450768791572  21888.0 
7267.387037331817  19136.41692179156  21920.0 
7277.997953331811  19136.382159591547  21952.0 
7288.605601331806  19136.348083791534  21984.0 
