9.033945333333333  19159.946933199957  32.0 
18.067890666666667  19159.86526639991  64.0 
27.10183600000003  19159.812199599866  96.0 
36.135781333333405  19159.73007519982  128.0 
45.16972666666673  19159.677008399776  160.0 
54.203672000000076  19159.59465519973  192.0 
63.2376173333334  19159.541588399687  224.0 
72.27156266666651  19159.45877759964  256.0 
81.30550799999973  19159.405710799598  288.0 
90.33945333333288  19159.32358639955  320.0 
99.37339866666596  19159.270519599508  352.0 
108.40734399999913  19159.18793759946  384.0 
117.44128933333232  19159.13487079942  416.0 
126.47523466666546  19159.05297519937  448.0 
135.5091799999987  19158.999908399328  480.0 
144.54312533333191  19158.917097599282  512.0 
153.57707066666524  19158.86403079924  544.0 
162.61101599999856  19158.781677599192  576.0 
171.64496133333196  19158.72861079915  608.0 
180.67890666666517  19158.645799999103  640.0 
189.71285199999843  19158.59273319906  672.0 
198.74679733333173  19158.510151199014  704.0 
207.78074266666505  19158.45708439897  736.0 
216.81468799999828  19158.374959998924  768.0 
225.84863333333163  19158.32189319888  800.0 
234.8825786666649  19158.239539998835  832.0 
243.91652399999816  19158.18647319879  864.0 
252.9504693333314  19158.104119998745  896.0 
261.98441466666475  19158.051053198702  928.0 
271.01835999999753  19157.968471198656  960.0 
280.05230533333065  19157.915404398613  992.0 
289.0862506666638  19157.833508798565  1024.0 
298.1201959999969  19157.780441998522  1056.0 
307.1541413333298  19157.697859998476  1088.0 
316.1880866666631  19157.644793198433  1120.0 
325.2220319999964  19157.562439998386  1152.0 
334.2559773333294  19157.509373198343  1184.0 
343.2899226666625  19157.427248798296  1216.0 
352.3238679999955  19157.374181998253  1248.0 
361.35781333332847  19157.292057598206  1280.0 
370.3917586666617  19157.238990798163  1312.0 
379.42570399999454  19157.156408798117  1344.0 
388.4596493333278  19157.103341998074  1376.0 
397.4935946666609  19157.020759998028  1408.0 
406.52753999999385  19156.967693197985  1440.0 
415.56148533332697  19156.88511119794  1472.0 
424.5954306666603  19156.832044397896  1504.0 
433.6293759999932  19156.74946239785  1536.0 
442.6633213333261  19156.696395597806  1568.0 
451.6972666666592  19156.61404239776  1600.0 
460.7312119999921  19156.560975597717  1632.0 
469.76515733332513  19156.47885119767  1664.0 
478.7991026666582  19156.425784397627  1696.0 
487.83304799999104  19156.34365999758  1728.0 
496.8669933333241  19156.290593197537  1760.0 
505.9009386666571  19156.20869759749  1792.0 
514.9348839999907  19156.155630797446  1824.0 
523.9688293333253  19156.0732775974  1856.0 
533.0027746666599  19156.020210797356  1888.0 
542.0367199999946  19155.93762879731  1920.0 
551.0706653333289  19155.884561997267  1952.0 
560.1046106666631  19155.80220879722  1984.0 
569.1385559999976  19155.749141997178  2016.0 
578.1725013333322  19155.66655999713  2048.0 
587.2064466666666  19155.61349319709  2080.0 
596.2403920000008  19155.530911197042  2112.0 
605.2743373333353  19155.477844397  2144.0 
614.3082826666697  19155.395262396953  2176.0 
623.3422280000041  19155.34219559691  2208.0 
632.3761733333383  19155.26052879686  2240.0 
641.4101186666724  19155.20746199682  2272.0 
650.4440640000068  19155.12556639677  2304.0 
659.4780093333411  19155.07249959673  2336.0 
668.5119546666756  19154.99014639668  2368.0 
677.545900000009  19154.93707959664  2400.0 
686.5798453333437  19154.854497596592  2432.0 
695.613790666678  19154.80143079655  2464.0 
704.6477360000125  19154.719306396502  2496.0 
713.681681333347  19154.66623959646  2528.0 
722.7156266666817  19154.583886396413  2560.0 
731.7495720000159  19154.53081959637  2592.0 
740.7835173333502  19154.448695196323  2624.0 
749.8174626666847  19154.39562839628  2656.0 
758.8514080000191  19154.313275196233  2688.0 
767.8853533333535  19154.26020839619  2720.0 
776.9192986666876  19154.178083996143  2752.0 
785.9532440000224  19154.1250171961  2784.0 
794.9871893333568  19154.042206396054  2816.0 
804.0211346666915  19153.98913959601  2848.0 
813.0550800000259  19153.906786395964  2880.0 
822.0890253333602  19153.85371959592  2912.0 
831.122970666695  19153.770908795876  2944.0 
840.1569160000288  19153.717841995833  2976.0 
849.1908613333633  19153.635488795786  3008.0 
858.2248066666975  19153.582421995743  3040.0 
867.2587520000325  19153.499839995697  3072.0 
876.2926973333671  19153.446773195654  3104.0 
885.3266426667016  19153.364191195607  3136.0 
894.3605880000357  19153.311124395565  3168.0 
903.3945333333704  19153.229228795517  3200.0 
912.4284786667049  19153.176161995474  3232.0 
921.4624240000395  19153.093351195428  3264.0 
930.496369333374  19153.040284395385  3296.0 
939.5303146667087  19152.958846395337  3328.0 
948.5642600000429  19152.905779595294  3360.0 
957.5982053333775  19152.823655195247  3392.0 
966.6321506667117  19152.770588395204  3424.0 
975.6660960000463  19152.689150395156  3456.0 
984.7000413333807  19152.636083595113  3488.0 
993.733986666715  19152.553959195066  3520.0 
1002.7679320000493  19152.500892395023  3552.0 
1011.8018773333835  19152.418310394976  3584.0 
1020.8358226667178  19152.365243594933  3616.0 
1029.8697680000525  19152.282661594887  3648.0 
1038.9037133333873  19152.229594794844  3680.0 
1047.937658666724  19152.147470394797  3712.0 
1056.9716040000587  19152.094403594754  3744.0 
1066.0055493333948  19152.011821594708  3776.0 
1075.0394946667298  19151.958754794665  3808.0 
1084.073440000065  19151.876859194617  3840.0 
1093.1073853334  19151.823792394574  3872.0 
1102.141330666736  19151.741667994527  3904.0 
1111.1752760000707  19151.688601194484  3936.0 
1120.2092213334072  19151.60579039444  3968.0 
1129.2431666667417  19151.552723594396  4000.0 
1138.2771120000775  19151.47014159435  4032.0 
1147.3110573334127  19151.417074794306  4064.0 
1156.3450026667483  19151.33495039426  4096.0 
1165.3789480000826  19151.281883594216  4128.0 
1174.4128933334187  19151.19998799417  4160.0 
1183.4468386667543  19151.146921194126  4192.0 
1192.4807840000892  19151.06433919408  4224.0 
1201.5147293334244  19151.011272394036  4256.0 
1210.548674666759  19150.92914799399  4288.0 
1219.582620000094  19150.876081193946  4320.0 
1228.6165653334303  19150.7934991939  4352.0 
1237.650510666765  19150.740432393857  4384.0 
1246.6844560001002  19150.65830799381  4416.0 
1255.7184013334356  19150.605241193767  4448.0 
1264.7523466667708  19150.52311679372  4480.0 
1273.7862920001062  19150.470049993677  4512.0 
1282.820237333442  19150.38792559363  4544.0 
1291.854182666777  19150.334858793587  4576.0 
1300.888128000112  19150.25227679354  4608.0 
1309.922073333447  19150.199209993498  4640.0 
1318.9560186667827  19150.11731439345  4672.0 
1327.9899640001172  19150.064247593407  4704.0 
1337.0239093334533  19149.98189439336  4736.0 
1346.0578546667884  19149.928827593318  4768.0 
1355.0918000001238  19149.84647439327  4800.0 
1364.1257453334588  19149.793407593228  4832.0 
1373.159690666795  19149.71082559318  4864.0 
1382.1936360001298  19149.65775879314  4896.0 
1391.2275813334652  19149.575176793092  4928.0 
1400.2615266668001  19149.52210999305  4960.0 
1409.2954720001362  19149.439756793003  4992.0 
1418.329417333471  19149.38668999296  5024.0 
1427.3633626668066  19149.304336792913  5056.0 
1436.3973080001404  19149.25126999287  5088.0 
1445.4312533334767  19149.168916792823  5120.0 
1454.4651986668118  19149.11584999278  5152.0 
1463.499144000148  19149.033954392733  5184.0 
1472.5330893334838  19148.98088759269  5216.0 
1481.5670346668196  19148.898534392643  5248.0 
1490.600980000154  19148.8454675926  5280.0 
1499.6349253334902  19148.762885592554  5312.0 
1508.6688706668253  19148.70981879251  5344.0 
1517.7028160001603  19148.627236792465  5376.0 
1526.7367613334952  19148.574169992422  5408.0 
1535.7707066668306  19148.492045592375  5440.0 
1544.8046520001658  19148.438978792332  5472.0 
1553.8385973335014  19148.356625592285  5504.0 
1562.8725426668366  19148.303558792242  5536.0 
1571.9064880001724  19148.221205592195  5568.0 
1580.9404333335076  19148.168138792153  5600.0 
1589.9743786668434  19148.085785592106  5632.0 
1599.0083240001793  19148.032718792063  5664.0 
1608.0422693335147  19147.950365592016  5696.0 
1617.07621466685  19147.897298791973  5728.0 
1626.1101600001857  19147.815403191926  5760.0 
1635.1441053335209  19147.762336391883  5792.0 
1644.1780506668567  19147.679754391836  5824.0 
1653.2119960001912  19147.626687591794  5856.0 
1662.2459413335262  19147.545249591745  5888.0 
1671.2798866668604  19147.492182791702  5920.0 
1680.3138320001945  19147.410058391655  5952.0 
1689.3477773335296  19147.356991591612  5984.0 
1698.3817226668646  19147.274867191565  6016.0 
1707.415668000199  19147.221800391522  6048.0 
1716.449613333535  19147.138989591476  6080.0 
1725.4835586668694  19147.085922791433  6112.0 
1734.5175040002052  19147.004027191386  6144.0 
1743.5514493335404  19146.950960391343  6176.0 
1752.5853946668758  19146.868835991296  6208.0 
1761.61934000021  19146.815769191253  6240.0 
1770.6532853335457  19146.733873591205  6272.0 
1779.68723066688  19146.680806791162  6304.0 
1788.7211760002147  19146.598682391115  6336.0 
1797.7551213335491  19146.545615591072  6368.0 
1806.789066666885  19146.464177591024  6400.0 
1815.8230120002195  19146.41111079098  6432.0 
1824.856957333555  19146.328986390934  6464.0 
1833.8909026668891  19146.27591959089  6496.0 
1842.924848000224  19146.193795190844  6528.0 
1851.9587933335595  19146.1407283908  6560.0 
1860.9927386668946  19146.059290390753  6592.0 
1870.0266840002296  19146.00622359071  6624.0 
1879.0606293335645  19145.924099190663  6656.0 
1888.0945746668992  19145.87103239062  6688.0 
1897.128520000235  19145.788907990573  6720.0 
1906.1624653335703  19145.73584119053  6752.0 
1915.196410666906  19145.653259190483  6784.0 
1924.2303560002413  19145.60019239044  6816.0 
1933.2643013335776  19145.518296790393  6848.0 
1942.2982466669116  19145.46522999035  6880.0 
1951.3321920002477  19145.382876790303  6912.0 
1960.3661373335829  19145.32980999026  6944.0 
1969.4000826669187  19145.247456790214  6976.0 
1978.4340280002536  19145.19438999017  7008.0 
1987.4679733335886  19145.112036790124  7040.0 
1996.501918666923  19145.05896999008  7072.0 
2005.5358640002587  19144.977074390034  7104.0 
2014.5698093335936  19144.92400758999  7136.0 
2023.6037546669306  19144.841425589944  7168.0 
2032.6377000002647  19144.7883587899  7200.0 
2041.671645333601  19144.706234389854  7232.0 
2050.7055906669348  19144.65316758981  7264.0 
2059.739536000267  19144.570814389765  7296.0 
2068.7734813336015  19144.51774758972  7328.0 
2077.807426666938  19144.435394389675  7360.0 
2086.841372000274  19144.382327589632  7392.0 
2095.8753173336067  19144.299745589586  7424.0 
2104.909262666941  19144.246678789543  7456.0 
2113.943208000276  19144.164325589496  7488.0 
2122.9771533336097  19144.111258789453  7520.0 
2132.011098666945  19144.028905589406  7552.0 
2141.0450440002787  19143.975838789363  7584.0 
2150.078989333613  19143.893485589317  7616.0 
2159.1129346669463  19143.840418789274  7648.0 
2168.1468800002817  19143.758294389227  7680.0 
2177.180825333616  19143.705227589184  7712.0 
2186.2147706669525  19143.622874389137  7744.0 
2195.248716000287  19143.569807589094  7776.0 
2204.2826613336215  19143.487225589048  7808.0 
2213.3166066669555  19143.434158789005  7840.0 
2222.3505520002923  19143.352263188957  7872.0 
2231.384497333625  19143.299196388914  7904.0 
2240.418442666959  19143.216843188868  7936.0 
2249.4523880002935  19143.163776388825  7968.0 
2258.486333333628  19143.08119438878  8000.0 
2267.52027866696  19143.028127588736  8032.0 
2276.5542240002965  19142.94600318869  8064.0 
2285.5881693336323  19142.892936388645  8096.0 
2294.622114666965  19142.8101255886  8128.0 
2303.6560600002977  19142.757058788557  8160.0 
2312.690005333633  19142.67470558851  8192.0 
2321.723950666968  19142.621638788467  8224.0 
2330.757896000303  19142.53928558842  8256.0 
2339.7918413336347  19142.486218788377  8288.0 
2348.8257866669705  19142.40432318833  8320.0 
2357.859732000305  19142.351256388287  8352.0 
2366.8936773336395  19142.26936078824  8384.0 
2375.9276226669726  19142.216293988196  8416.0 
2384.961568000306  19142.13416958815  8448.0 
2393.99551333364  19142.081102788106  8480.0 
2403.029458666975  19141.99852078806  8512.0 
2412.0634040003097  19141.945453988017  8544.0 
2421.097349333644  19141.86310078797  8576.0 
2430.1312946669805  19141.810033987927  8608.0 
2439.165240000315  19141.72768078788  8640.0 
2448.1991853336476  19141.674613987838  8672.0 
2457.233130666982  19141.59226078779  8704.0 
2466.2670760003166  19141.539193987748  8736.0 
2475.301021333652  19141.4570695877  8768.0 
2484.3349666669874  19141.404002787658  8800.0 
2493.368912000321  19141.32279358761  8832.0 
2502.402857333653  19141.269726787566  8864.0 
2511.4368026669854  19141.18737358752  8896.0 
2520.470748000319  19141.134306787477  8928.0 
2529.504693333654  19141.05195358743  8960.0 
2538.5386386669893  19140.998886787387  8992.0 
2547.572584000325  19140.91676238734  9024.0 
2556.6065293336565  19140.863695587297  9056.0 
2565.640474666991  19140.78157118725  9088.0 
2574.6744200003245  19140.728504387207  9120.0 
2583.708365333661  19140.64637998716  9152.0 
2592.742310666993  19140.593313187117  9184.0 
2601.776256000325  19140.51073118707  9216.0 
2610.8102013336593  19140.457664387028  9248.0 
2619.844146666994  19140.37508238698  9280.0 
2628.8780920003283  19140.32201558694  9312.0 
2637.912037333663  19140.23966238689  9344.0 
2646.945982666998  19140.18659558685  9376.0 
2655.9799280003335  19140.104013586802  9408.0 
2665.0138733336644  19140.05094678676  9440.0 
2674.047818666999  19139.969051186712  9472.0 
2683.0817640003343  19139.91598438667  9504.0 
2692.115709333669  19139.833859986622  9536.0 
2701.1496546670023  19139.78079318658  9568.0 
2710.183600000335  19139.698211186533  9600.0 
2719.217545333669  19139.64514438649  9632.0 
2728.2514906670035  19139.562791186443  9664.0 
2737.2854360003375  19139.5097243864  9696.0 
2746.319381333671  19139.427371186353  9728.0 
2755.3533266670056  19139.37430438631  9760.0 
2764.387272000338  19139.291951186264  9792.0 
2773.4212173336723  19139.23888438622  9824.0 
2782.455162667008  19139.156531186174  9856.0 
2791.4891080003413  19139.10346438613  9888.0 
2800.5230533336753  19139.021111186084  9920.0 
2809.5569986670107  19138.96804438604  9952.0 
2818.5909440003456  19138.885233585996  9984.0 
2827.624889333681  19138.832166785953  10016.0 
2836.658834667016  19138.749813585906  10048.0 
2845.692780000351  19138.696746785863  10080.0 
2854.726725333686  19138.614164785817  10112.0 
2863.7606706670213  19138.561097985774  10144.0 
2872.794616000355  19138.479202385726  10176.0 
2881.8285613336884  19138.426135585683  10208.0 
2890.8625066670243  19138.343782385637  10240.0 
2899.8964520003574  19138.290715585594  10272.0 
2908.930397333691  19138.209048785546  10304.0 
2917.9643426670254  19138.155981985503  10336.0 
2926.9982880003604  19138.073628785456  10368.0 
2936.032233333692  19138.020561985413  10400.0 
2945.0661786670275  19137.937979985367  10432.0 
2954.1001240003616  19137.884913185324  10464.0 
2963.1340693336956  19137.802331185278  10496.0 
2972.1680146670274  19137.749264385235  10528.0 
2981.2019600003623  19137.66668238519  10560.0 
2990.235905333697  19137.613615585145  10592.0 
2999.269850667034  19137.5314911851  10624.0 
3008.303796000367  19137.478424385055  10656.0 
3017.3377413336984  19137.396528785008  10688.0 
3026.371686667032  19137.343461984965  10720.0 
3035.4056320003688  19137.261566384917  10752.0 
3044.439577333701  19137.208499584875  10784.0 
3053.473522667035  19137.127061584826  10816.0 
3062.5074680003686  19137.073994784783  10848.0 
3071.5414133337044  19136.991641584736  10880.0 
3080.5753586670367  19136.938574784694  10912.0 
3089.609304000373  19136.855992784647  10944.0 
3098.643249333706  19136.802925984604  10976.0 
3107.677194667042  19136.720801584557  11008.0 
3116.7111400003764  19136.667734784514  11040.0 
3125.7450853337086  19136.58492398447  11072.0 
3134.779030667042  19136.531857184425  11104.0 
3143.812976000377  19136.44927518438  11136.0 
3152.8469213337107  19136.396208384336  11168.0 
3161.8808666670434  19136.31408398429  11200.0 
3170.9148120003765  19136.261017184246  11232.0 
3179.9487573337133  19136.1786639842  11264.0 
3188.9827026670464  19136.125597184157  11296.0 
3198.0166480003804  19136.04347278411  11328.0 
3207.0505933337126  19135.990405984066  11360.0 
3216.084538667049  19135.90805278402  11392.0 
3225.1184840003825  19135.854985983977  11424.0 
3234.1524293337156  19135.77263278393  11456.0 
3243.18637466705  19135.719565983887  11488.0 
3252.220320000385  19135.63789918384  11520.0 
3261.2542653337196  19135.584832383796  11552.0 
3270.2882106670536  19135.50270798375  11584.0 
3279.322156000386  19135.449641183706  11616.0 
3288.3561013337194  19135.36728798366  11648.0 
3297.390046667054  19135.314221183617  11680.0 
3306.4239920003874  19135.23141038357  11712.0 
3315.4579373337197  19135.178343583528  11744.0 
3324.491882667054  19135.09621918348  11776.0 
3333.5258280003895  19135.043152383438  11808.0 
3342.5597733337236  19134.96034158339  11840.0 
3351.593718667058  19134.90727478335  11872.0 
3360.627664000393  19134.8253791833  11904.0 
3369.6616093337266  19134.77231238326  11936.0 
3378.6955546670624  19134.689501583212  11968.0 
3387.7295000003965  19134.63643478317  12000.0 
3396.7634453337296  19134.554081583123  12032.0 
3405.797390667064  19134.50101478308  12064.0 
3414.8313360003976  19134.418203983034  12096.0 
3423.865281333731  19134.36513718299  12128.0 
3432.899226667066  19134.282555182945  12160.0 
3441.9331720004006  19134.2294883829  12192.0 
3450.967117333736  19134.147363982855  12224.0 
3460.00106266707  19134.09429718281  12256.0 
3469.035008000405  19134.011486382766  12288.0 
3478.0689533337386  19133.958419582723  12320.0 
3487.102898667076  19133.876523982675  12352.0 
3496.1368440004117  19133.823457182632  12384.0 
3505.170789333746  19133.740875182586  12416.0 
3514.2047346670784  19133.687808382543  12448.0 
3523.2386800004147  19133.605912782496  12480.0 
3532.272625333748  19133.552845982453  12512.0 
3541.3065706670827  19133.470263982406  12544.0 
3550.3405160004168  19133.417197182363  12576.0 
3559.3744613337503  19133.334843982317  12608.0 
3568.408406667085  19133.281777182274  12640.0 
3577.44235200042  19133.199652782227  12672.0 
3586.4762973337542  19133.146585982184  12704.0 
3595.5102426670896  19133.064690382136  12736.0 
3604.5441880004255  19133.011623582093  12768.0 
3613.57813333376  19132.929041582047  12800.0 
3622.612078667093  19132.875974782004  12832.0 
3631.6460240004267  19132.793621581957  12864.0 
3640.6799693337603  19132.740554781914  12896.0 
3649.713914667095  19132.657972781868  12928.0 
3658.747860000429  19132.604905981825  12960.0 
3667.7818053337623  19132.52232398178  12992.0 
3676.815750667098  19132.469257181736  13024.0 
3685.849696000433  19132.38690398169  13056.0 
3694.8836413337667  19132.333837181646  13088.0 
3703.917586667102  19132.2517127816  13120.0 
3712.9515320004352  19132.198645981556  13152.0 
3721.985477333771  19132.11652158151  13184.0 
3731.019422667106  19132.063454781466  13216.0 
3740.053368000441  19131.98087278142  13248.0 
3749.0873133337755  19131.927805981377  13280.0 
3758.1212586671118  19131.84545278133  13312.0 
3767.1552040004444  19131.792385981287  13344.0 
3776.189149333777  19131.70980398124  13376.0 
3785.2230946671116  19131.656737181198  13408.0 
3794.257040000446  19131.57438398115  13440.0 
3803.2909853337783  19131.52131718111  13472.0 
3812.3249306671146  19131.438735181062  13504.0 
3821.358876000448  19131.38566838102  13536.0 
3830.392821333783  19131.303086380973  13568.0 
3839.426766667117  19131.25001958093  13600.0 
3848.460712000453  19131.167437580883  13632.0 
3857.4946573337847  19131.11437078084  13664.0 
3866.5286026671215  19131.032475180793  13696.0 
3875.562548000456  19130.97940838075  13728.0 
3884.5964933337887  19130.897283980703  13760.0 
3893.630438667123  19130.84421718066  13792.0 
3902.664384000458  19130.761863980613  13824.0 
3911.6983293337917  19130.70879718057  13856.0 
3920.7322746671275  19130.626215180524  13888.0 
3929.7662200004606  19130.57314838048  13920.0 
3938.8001653337947  19130.491023980434  13952.0 
3947.83411066713  19130.43795718039  13984.0 
3956.8680560004655  19130.355603980344  14016.0 
3965.902001333797  19130.3025371803  14048.0 
3974.9359466671303  19130.220412780254  14080.0 
3983.9698920004644  19130.16734598021  14112.0 
3993.0038373337975  19130.084992780165  14144.0 
4002.0377826671315  19130.03192598012  14176.0 
4011.0717280004674  19129.950030380074  14208.0 
4020.105673333801  19129.89696358003  14240.0 
4029.139618667138  19129.814152779985  14272.0 
4038.1735640004704  19129.761085979942  14304.0 
4047.207509333806  19129.678732779896  14336.0 
4056.2414546671416  19129.625665979853  14368.0 
4065.2754000004766  19129.542855179807  14400.0 
4074.309345333809  19129.489788379764  14432.0 
4083.343290667142  19129.407435179717  14464.0 
4092.3772360004773  19129.354368379674  14496.0 
4101.411181333807  19129.271786379628  14528.0 
4110.445126667136  19129.218719579585  14560.0 
4119.479072000459  19129.13613757954  14592.0 
4128.513017333788  19129.083070779496  14624.0 
4137.546962667111  19129.00071757945  14656.0 
4146.58090800044  19128.947650779406  14688.0 
4155.614853333766  19128.86529757936  14720.0 
4164.6487986670945  19128.812230779316  14752.0 
4173.682744000425  19128.730792779268  14784.0 
4182.7166893337535  19128.677725979225  14816.0 
4191.750634667079  19128.595601579178  14848.0 
4200.784580000407  19128.542534779135  14880.0 
4209.818525333733  19128.461096779087  14912.0 
4218.8524706670605  19128.408029979044  14944.0 
4227.88641600038  19128.325905578997  14976.0 
4236.9203613337095  19128.272838778954  15008.0 
4245.954306667032  19128.190256778907  15040.0 
4254.988252000358  19128.137189978865  15072.0 
4264.022197333687  19128.05460797882  15104.0 
4273.05614266701  19128.001541178775  15136.0 
4282.090088000334  19127.919874378727  15168.0 
4291.124033333663  19127.866807578685  15200.0 
4300.157978666985  19127.784454378638  15232.0 
4309.191924000311  19127.731387578595  15264.0 
4318.225869333634  19127.649491978547  15296.0 
4327.259814666962  19127.596425178504  15328.0 
4336.293760000291  19127.514300778457  15360.0 
4345.3277053336205  19127.461233978414  15392.0 
4354.361650666946  19127.37842317837  15424.0 
4363.395596000276  19127.325356378326  15456.0 
4372.429541333598  19127.24277437828  15488.0 
4381.46348666693  19127.189707578236  15520.0 
4390.497432000256  19127.10758317819  15552.0 
4399.531377333583  19127.054516378146  15584.0 
4408.565322666913  19126.973078378098  15616.0 
4417.599268000236  19126.920011578055  15648.0 
4426.633213333558  19126.837887178008  15680.0 
4435.667158666886  19126.784820377965  15712.0 
4444.701104000214  19126.702695977918  15744.0 
4453.7350493335425  19126.649629177875  15776.0 
4462.768994666866  19126.56704717783  15808.0 
4471.802940000195  19126.513980377786  15840.0 
4480.836885333521  19126.43185597774  15872.0 
4489.870830666852  19126.378789177696  15904.0 
4498.904776000177  19126.29666477765  15936.0 
4507.938721333508  19126.243597977606  15968.0 
4516.97266666683  19126.16147357756  16000.0 
4526.00661200016  19126.108406777515  16032.0 
4535.0405573334865  19126.02605357747  16064.0 
4544.074502666814  19125.972986777426  16096.0 
4553.108448000141  19125.89040477738  16128.0 
4562.14239333347  19125.837337977337  16160.0 
4571.176338666796  19125.75498477729  16192.0 
4580.210284000125  19125.701917977247  16224.0 
4589.244229333455  19125.6195647772  16256.0 
4598.278174666784  19125.566497977157  16288.0 
4607.312120000104  19125.48391597711  16320.0 
4616.346065333432  19125.430849177068  16352.0 
4625.380010666757  19125.34826717702  16384.0 
4634.413956000088  19125.29520037698  16416.0 
4643.447901333414  19125.212847176932  16448.0 
4652.481846666744  19125.15978037689  16480.0 
4661.51579200007  19125.077198376843  16512.0 
4670.549737333404  19125.0241315768  16544.0 
4679.583682666732  19124.941778376753  16576.0 
4688.61762800006  19124.88871157671  16608.0 
4697.6515733333845  19124.806815976663  16640.0 
4706.685518666712  19124.75374917662  16672.0 
4715.719464000034  19124.671395976573  16704.0 
4724.753409333364  19124.61832917653  16736.0 
4733.787354666689  19124.535747176484  16768.0 
4742.821300000015  19124.48268037644  16800.0 
4751.8552453333405  19124.400098376394  16832.0 
4760.889190666667  19124.34703157635  16864.0 
4769.923135999991  19124.264907176304  16896.0 
4778.957081333321  19124.21184037626  16928.0 
4787.9910266666475  19124.129487176215  16960.0 
4797.024971999972  19124.076420376172  16992.0 
4806.0589173332955  19123.993838376125  17024.0 
4815.092862666626  19123.940771576083  17056.0 
4824.126807999948  19123.858647176035  17088.0 
4833.160753333278  19123.805580375993  17120.0 
4842.1946986666035  19123.723227175946  17152.0 
4851.228643999934  19123.670160375903  17184.0 
4860.262589333261  19123.588264775855  17216.0 
4869.296534666587  19123.535197975812  17248.0 
4878.330479999912  19123.452615975766  17280.0 
4887.364425333243  19123.399549175723  17312.0 
4896.398370666571  19123.318111175675  17344.0 
4905.432315999903  19123.265044375632  17376.0 
4914.466261333228  19123.182919975585  17408.0 
4923.500206666558  19123.129853175542  17440.0 
4932.534151999885  19123.047728775495  17472.0 
4941.568097333214  19122.994661975452  17504.0 
4950.602042666537  19122.912079975406  17536.0 
4959.635987999865  19122.859013175363  17568.0 
4968.6699333331935  19122.776888775315  17600.0 
4977.703878666523  19122.723821975273  17632.0 
4986.737823999849  19122.641697575225  17664.0 
4995.771769333181  19122.588630775183  17696.0 
5004.805714666511  19122.506735175135  17728.0 
5013.8396599998405  19122.453668375092  17760.0 
5022.87360533317  19122.371543975045  17792.0 
5031.9075506664985  19122.318477175002  17824.0 
5040.941495999821  19122.237039174954  17856.0 
5049.975441333152  19122.18397237491  17888.0 
5059.009386666481  19122.101847974864  17920.0 
5068.04333199981  19122.04878117482  17952.0 
5077.0772773331355  19121.966656774774  17984.0 
5086.111222666461  19121.91358997473  18016.0 
5095.145167999792  19121.831923174683  18048.0 
5104.179113333119  19121.77885637464  18080.0 
5113.213058666446  19121.696731974593  18112.0 
5122.247003999776  19121.64366517455  18144.0 
5131.280949333102  19121.561540774503  18176.0 
5140.31489466643  19121.50847397446  18208.0 
5149.348839999754  19121.425891974413  18240.0 
5158.382785333083  19121.37282517437  18272.0 
5167.416730666411  19121.290929574323  18304.0 
5176.450675999737  19121.23786277428  18336.0 
5185.484621333059  19121.155509574233  18368.0 
5194.51856666639  19121.10244277419  18400.0 
5203.552511999714  19121.019860774144  18432.0 
5212.586457333044  19120.9608451741  18464.0 
5221.620402666368  19120.878491974054  18496.0 
5230.654347999698  19120.81970517401  18528.0 
5239.688293333025  19120.737809573962  18560.0 
5248.722238666352  19120.67879397392  18592.0 
5257.756183999682  19120.596211973872  18624.0 
5266.79012933301  19120.537653973828  18656.0 
5275.824074666341  19120.45552957378  18688.0 
5284.858019999673  19120.396742773737  18720.0 
5293.891965332998  19120.31438957369  18752.0 
5302.925910666325  19120.255602773646  18784.0 
5311.95985599965  19120.1732495736  18816.0 
5320.993801332979  19120.114233973556  18848.0 
5330.027746666305  19120.03188077351  18880.0 
5339.061691999634  19119.973322773465  18912.0 
5348.095637332962  19119.891198373418  18944.0 
5357.129582666293  19119.832182773374  18976.0 
5366.163527999618  19119.749829573328  19008.0 
5375.197473332949  19119.691042773284  19040.0 
5384.231418666277  19119.608689573237  19072.0 
5393.265363999606  19119.549902773193  19104.0 
5402.299309332938  19119.467778373146  19136.0 
5411.333254666268  19119.4092203731  19168.0 
5420.367199999591  19119.326867173055  19200.0 
5429.401145332918  19119.26785157301  19232.0 
5438.435090666241  19119.185269572965  19264.0 
5447.469035999571  19119.12648277292  19296.0 
5456.502981332899  19119.044587172873  19328.0 
5465.536926666227  19118.98580037283  19360.0 
5474.5708719995555  19118.903447172783  19392.0 
5483.604817332886  19118.84466037274  19424.0 
5492.638762666209  19118.761849572693  19456.0 
5501.672707999542  19118.70306277265  19488.0 
5510.706653332871  19118.6209383726  19520.0 
5519.740598666201  19118.56192277256  19552.0 
5528.774543999529  19118.479111972512  19584.0 
5537.808489332857  19118.42009637247  19616.0 
5546.842434666183  19118.337743172422  19648.0 
5555.876379999513  19118.278956372378  19680.0 
5564.910325332842  19118.19660317233  19712.0 
5573.944270666171  19118.137587572288  19744.0 
5582.978215999496  19118.05569197224  19776.0 
5592.012161332826  19117.996676372197  19808.0 
5601.046106666151  19117.91523837215  19840.0 
5610.080051999477  19117.856222772105  19872.0 
5619.113997332808  19117.773869572058  19904.0 
5628.147942666138  19117.714853972015  19936.0 
5637.181887999466  19117.63227197197  19968.0 
5646.215833332794  19117.573256371925  20000.0 
5655.24977866612  19117.490903171878  20032.0 
5664.283723999454  19117.432116371834  20064.0 
5673.317669332781  19117.349763171787  20096.0 
5682.3516146661095  19117.290747571744  20128.0 
5691.385559999439  19117.208394371697  20160.0 
5700.419505332769  19117.149607571653  20192.0 
5709.453450666099  19117.067483171606  20224.0 
5718.487395999428  19117.008467571563  20256.0 
5727.521341332753  19116.926343171515  20288.0 
5736.555286666082  19116.867327571472  20320.0 
5745.589231999408  19116.784974371425  20352.0 
5754.623177332735  19116.72618757138  20384.0 
5763.657122666063  19116.643834371334  20416.0 
5772.691067999391  19116.58504757129  20448.0 
5781.72501333272  19116.502923171243  20480.0 
5790.758958666049  19116.4439075712  20512.0 
5799.792903999368  19116.361783171153  20544.0 
5808.8268493327  19116.30299637111  20576.0 
5817.8607946660295  19116.22087197106  20608.0 
5826.894739999364  19116.162313971017  20640.0 
5835.928685332687  19116.07973197097  20672.0 
5844.962630666014  19116.020945170927  20704.0 
5853.9965759993365  19115.93836317088  20736.0 
5863.030521332662  19115.879576370837  20768.0 
5872.06446666599  19115.79745197079  20800.0 
5881.09841199932  19115.738665170746  20832.0 
5890.132357332649  19115.6560831707  20864.0 
5899.166302665978  19115.597525170655  20896.0 
5908.200247999304  19115.515629570607  20928.0 
5917.234193332635  19115.456842770564  20960.0 
5926.268138665962  19115.374718370516  20992.0 
5935.30208399929  19115.315931570472  21024.0 
5944.336029332618  19115.233349570426  21056.0 
5953.369974665944  19115.174333970383  21088.0 
5962.40391999927  19115.091980770336  21120.0 
5971.437865332599  19115.032965170292  21152.0 
5980.471810665926  19114.950611970246  21184.0 
5989.505755999259  19114.8918251702  21216.0 
5998.539701332587  19114.809700770154  21248.0 
6007.573646665917  19114.75068517011  21280.0 
6016.607591999246  19114.668331970064  21312.0 
6025.641537332575  19114.60977397002  21344.0 
6034.675482665904  19114.527420769973  21376.0 
6043.709427999235  19114.46840516993  21408.0 
6052.743373332561  19114.385594369884  21440.0 
6061.777318665894  19114.32680756984  21472.0 
6070.8112639992205  19114.244454369793  21504.0 
6079.845209332548  19114.18566756975  21536.0 
6088.879154665876  19114.103085569703  21568.0 
6097.913099999208  19114.04452756966  21600.0 
6106.947045332533  19113.96263196961  21632.0 
6115.980990665862  19113.903616369567  21664.0 
6125.014935999188  19113.82126316952  21696.0 
6134.048881332518  19113.762247569477  21728.0 
6143.082826665843  19113.68012316943  21760.0 
6152.116771999174  19113.621107569386  21792.0 
6161.150717332498  19113.53852556934  21824.0 
6170.184662665829  19113.479738769296  21856.0 
6179.218607999156  19113.39715676925  21888.0 
6188.252553332488  19113.338141169206  21920.0 
6197.286498665814  19113.25555916916  21952.0 
6206.320443999143  19113.196772369116  21984.0 
6215.354389332469  19113.11419036907  22016.0 
6224.388334665798  19113.055403569026  22048.0 
6233.4222799991285  19112.97327916898  22080.0 
6242.456225332455  19112.914263568935  22112.0 
6251.490170665782  19112.832367968887  22144.0 
6260.524115999109  19112.773581168844  22176.0 
6269.558061332441  19112.691456768796  22208.0 
6278.59200666577  19112.632441168753  22240.0 
6287.625951999098  19112.550545568705  22272.0 
6296.659897332428  19112.49152996866  22304.0 
6305.693842665755  19112.409176768615  22336.0 
6314.727787999084  19112.35016116857  22368.0 
6323.76173333241  19112.267579168525  22400.0 
6332.79567866574  19112.20856356848  22432.0 
6341.82962399907  19112.126439168434  22464.0 
6350.863569332401  19112.06765236839  22496.0 
6359.897514665726  19111.984841568345  22528.0 
6368.931459999055  19111.9258259683  22560.0 
6377.96540533238  19111.843243968255  22592.0 
6386.99935066571  19111.78445716821  22624.0 
6396.0332959990355  19111.701875168164  22656.0 
6405.067241332366  19111.64285956812  22688.0 
6414.101186665691  19111.561192768073  22720.0 
6423.135131999025  19111.50240596803  22752.0 
6432.169077332353  19111.42051036798  22784.0 
6441.203022665682  19111.361723567938  22816.0 
6450.23696799901  19111.27937036789  22848.0 
6459.270913332337  19111.220354767847  22880.0 
6468.304858665663  19111.1380015678  22912.0 
6477.338803998992  19111.078985967757  22944.0 
6486.372749332318  19110.99731916771  22976.0 
6495.406694665651  19110.938303567666  23008.0 
6504.4406399989775  19110.85617916762  23040.0 
6513.4745853323075  19110.797163567575  23072.0 
6522.508530665633  19110.715039167528  23104.0 
6531.542475998961  19110.656023567484  23136.0 
6540.576421332288  19110.573670367437  23168.0 
6549.610366665617  19110.514883567394  23200.0 
6558.644311998941  19110.432759167346  23232.0 
6567.678257332268  19110.373972367302  23264.0 
6576.712202665593  19110.291161567256  23296.0 
6585.746147998927  19110.232603567212  23328.0 
6594.780093332254  19110.150707967165  23360.0 
6603.814038665585  19110.09192116712  23392.0 
6612.847983998909  19110.009110367075  23424.0 
6621.88192933224  19109.95032356703  23456.0 
6630.915874665563  19109.867970366984  23488.0 
6639.949819998892  19109.80895476694  23520.0 
6648.9837653322165  19109.726143966895  23552.0 
6658.017710665549  19109.66712836685  23584.0 
6667.051655998877  19109.584546366805  23616.0 
6676.085601332205  19109.52553076676  23648.0 
6685.119546665534  19109.443635166714  23680.0 
6694.15349199886  19109.38484836667  23712.0 
6703.187437332183  19109.302037566624  23744.0 
6712.221382665514  19109.24302196658  23776.0 
6721.255327998841  19109.161126366533  23808.0 
6730.289273332169  19109.10233956649  23840.0 
6739.323218665492  19109.019757566442  23872.0 
6748.35716399882  19108.9607419664  23904.0 
6757.391109332151  19108.87884636635  23936.0 
6766.425054665477  19108.819830766308  23968.0 
6775.458999998804  19108.73724876626  24000.0 
6784.492945332132  19108.678461966218  24032.0 
6793.52689066546  19108.59610876617  24064.0 
6802.560835998792  19108.537093166127  24096.0 
6811.594781332115  19108.45451116608  24128.0 
6820.628726665442  19108.395495566037  24160.0 
6829.662671998768  19108.31337116599  24192.0 
6838.696617332096  19108.254355565947  24224.0 
6847.73056266542  19108.1717735659  24256.0 
6856.764507998749  19108.112986765856  24288.0 
6865.798453332077  19108.03063356581  24320.0 
6874.832398665404  19107.971617965766  24352.0 
6883.86634399873  19107.88903596572  24384.0 
6892.900289332059  19107.830249165676  24416.0 
6901.934234665386  19107.74766716563  24448.0 
6910.968179998717  19107.688880365586  24480.0 
6920.002125332044  19107.60652716554  24512.0 
6929.036070665373  19107.547511565495  24544.0 
6938.0700159987  19107.46538716545  24576.0 
6947.103961332029  19107.406371565405  24608.0 
6956.137906665353  19107.324475965357  24640.0 
6965.171851998682  19107.265460365314  24672.0 
6974.205797332007  19107.182878365267  24704.0 
6983.239742665335  19107.124091565223  24736.0 
6992.2736879986605  19107.041738365177  24768.0 
7001.307633331988  19106.982722765133  24800.0 
7010.3415786653095  19106.900140765087  24832.0 
7019.375523998641  19106.841125165043  24864.0 
7028.409469331968  19106.758771964996  24896.0 
7037.443414665295  19106.699756364953  24928.0 
7046.477359998621  19106.617174364907  24960.0 
7055.511305331952  19106.558158764863  24992.0 
7064.545250665282  19106.476034364816  25024.0 
7073.57919599861  19106.417018764772  25056.0 
7082.613141331934  19106.334436764726  25088.0 
7091.647086665263  19106.275421164682  25120.0 
7100.681031998589  19106.193525564635  25152.0 
7109.714977331915  19106.13473876459  25184.0 
7118.748922665243  19106.052614364544  25216.0 
7127.78286799857  19105.9938275645  25248.0 
7136.8168133318995  19105.911474364453  25280.0 
7145.850758665231  19105.85245876441  25312.0 
7154.88470399856  19105.769876764363  25344.0 
7163.918649331888  19105.71086116432  25376.0 
7172.952594665215  19105.628736764273  25408.0 
7181.986539998547  19105.56972116423  25440.0 
7191.020485331873  19105.487367964182  25472.0 
7200.054430665202  19105.42835236414  25504.0 
7209.08837599853  19105.345999164092  25536.0 
7218.122321331856  19105.28698356405  25568.0 
7227.15626666518  19105.204630364  25600.0 
7236.190211998509  19105.145843563958  25632.0 
7245.2241573318315  19105.06394796391  25664.0 
7254.25810266516  19105.004932363867  25696.0 
7263.292047998487  19104.92212156382  25728.0 
7272.325993331815  19104.863334763777  25760.0 
7281.359938665142  19104.78098156373  25792.0 
