13.559087999999997  19159.911699799904  32.0 
27.118176000000034  19159.824257599816  64.0 
40.677264000000065  19159.736815399727  96.0 
54.23635200000008  19159.649373199638  128.0 
67.79543999999997  19159.56193099955  160.0 
81.35452799999973  19159.47448879946  192.0 
94.91361599999942  19159.38704659937  224.0 
108.47270399999913  19159.299604399283  256.0 
122.03179199999893  19159.212162199194  288.0 
135.5908799999987  19159.124719999105  320.0 
149.14996799999858  19159.037277799016  352.0 
162.70905599999853  19158.949835598927  384.0 
176.26814399999856  19158.86239339884  416.0 
189.82723199999842  19158.77495119875  448.0 
203.3863199999984  19158.68750899866  480.0 
216.94540799999828  19158.60006679857  512.0 
230.50449599999826  19158.512624598483  544.0 
244.06358399999812  19158.425182398394  576.0 
257.62267199999815  19158.337740198305  608.0 
271.18175999999755  19158.250297998216  640.0 
284.74084799999736  19158.162855798128  672.0 
298.299935999997  19158.07541359804  704.0 
311.8590239999964  19157.98797139795  736.0 
325.4181119999964  19157.90052919786  768.0 
338.977199999996  19157.813086997772  800.0 
352.5362879999956  19157.725644797683  832.0 
366.09537599999516  19157.638202597594  864.0 
379.65446399999456  19157.550760397506  896.0 
393.2135519999944  19157.463318197417  928.0 
406.7726399999939  19157.375875997328  960.0 
420.33172799999363  19157.28843379724  992.0 
433.8908159999932  19157.20099159715  1024.0 
447.4499039999928  19157.11354939706  1056.0 
461.0089919999922  19157.026107196973  1088.0 
474.56807999999165  19156.938664996884  1120.0 
488.12716799999106  19156.851222796795  1152.0 
501.6862559999909  19156.763780596706  1184.0 
515.2453439999905  19156.676338396617  1216.0 
528.8044319999925  19156.58889619653  1248.0 
542.3635199999948  19156.50145399644  1280.0 
555.9226079999955  19156.41401179635  1312.0 
569.4816959999976  19156.326569596262  1344.0 
583.0407839999995  19156.239127396173  1376.0 
596.5998720000009  19156.151685196084  1408.0 
610.1589600000025  19156.064242995995  1440.0 
623.718048000004  19155.976800795906  1472.0 
637.2771360000054  19155.889358595818  1504.0 
650.836224000007  19155.80191639573  1536.0 
664.395312000008  19155.71447419564  1568.0 
677.9544000000091  19155.62703199555  1600.0 
691.5134880000109  19155.539589795462  1632.0 
705.0725760000126  19155.452147595373  1664.0 
718.6316640000143  19155.364705395285  1696.0 
732.1907520000157  19155.277263195196  1728.0 
745.7498400000173  19155.189820995107  1760.0 
759.3089280000191  19155.102378795018  1792.0 
772.8680160000201  19155.01493659493  1824.0 
786.4271040000225  19154.92749439484  1856.0 
799.9861920000243  19154.84005219475  1888.0 
813.545280000026  19154.752609994663  1920.0 
827.1043680000273  19154.665167794574  1952.0 
840.6634560000288  19154.577725594485  1984.0 
854.2225440000303  19154.490283394396  2016.0 
867.7816320000326  19154.402841194307  2048.0 
881.3407200000341  19154.31539899422  2080.0 
894.8998080000357  19154.22795679413  2112.0 
908.4588960000376  19154.14051459404  2144.0 
922.0179840000395  19154.053072393952  2176.0 
935.577072000041  19153.965630193863  2208.0 
949.1361600000428  19153.878187993774  2240.0 
962.6952480000446  19153.790745793685  2272.0 
976.2543360000464  19153.703303593597  2304.0 
989.8134240000476  19153.615861393508  2336.0 
1003.3725120000493  19153.52841919342  2368.0 
1016.9316000000505  19153.44097699333  2400.0 
1030.4906880000526  19153.35353479324  2432.0 
1044.0497760000558  19153.266092593152  2464.0 
1057.6088640000587  19153.178650393063  2496.0 
1071.167952000062  19153.091208192975  2528.0 
1084.727040000065  19153.003765992886  2560.0 
1098.286128000068  19152.916323792797  2592.0 
1111.8452160000706  19152.828881592708  2624.0 
1125.404304000074  19152.74143939262  2656.0 
1138.9633920000776  19152.65399719253  2688.0 
1152.5224800000803  19152.56655499244  2720.0 
1166.0815680000826  19152.479112792353  2752.0 
1179.6406560000864  19152.391670592264  2784.0 
1193.1997440000894  19152.304228392175  2816.0 
1206.7588320000916  19152.216786192086  2848.0 
1220.3179200000939  19152.129343991997  2880.0 
1233.8770080000972  19152.04190179191  2912.0 
1247.4360960001002  19151.95445959182  2944.0 
1260.9951840001036  19151.86701739173  2976.0 
1274.5542720001063  19151.779575191642  3008.0 
1288.1133600001097  19151.692132991553  3040.0 
1301.6724480001117  19151.604690791464  3072.0 
1315.2315360001148  19151.517248591375  3104.0 
1328.7906240001173  19151.429806391287  3136.0 
1342.3497120001205  19151.342364191198  3168.0 
1355.9088000001238  19151.25492199111  3200.0 
1369.4678880001268  19151.16747979102  3232.0 
1383.02697600013  19151.08003759093  3264.0 
1396.5860640001326  19150.992595390842  3296.0 
1410.1451520001362  19150.905153190753  3328.0 
1423.7042400001387  19150.817710990665  3360.0 
1437.2633280001405  19150.730268790576  3392.0 
1450.8224160001441  19150.642826590487  3424.0 
1464.381504000148  19150.555384390398  3456.0 
1477.9405920001516  19150.46794219031  3488.0 
1491.499680000154  19150.38049999022  3520.0 
1505.0587680001577  19150.29305779013  3552.0 
1518.6178560001604  19150.205615590043  3584.0 
1532.1769440001626  19150.118173389954  3616.0 
1545.7360320001658  19150.030731189865  3648.0 
1559.2951200001692  19149.943288989776  3680.0 
1572.8542080001723  19149.855846789687  3712.0 
1586.4132960001757  19149.7684045896  3744.0 
1599.9723840001793  19149.68096238951  3776.0 
1613.5314720001822  19149.59352018942  3808.0 
1627.0905600001859  19149.506077989332  3840.0 
1640.6496480001886  19149.418635789243  3872.0 
1654.2087360001913  19149.331193589154  3904.0 
1667.767824000193  19149.243751389065  3936.0 
1681.3269120001942  19149.156309188977  3968.0 
1694.8860000001966  19149.068866988888  4000.0 
1708.4450880001991  19148.9814247888  4032.0 
1722.0041760002023  19148.89398258871  4064.0 
1735.5632640002054  19148.80654038862  4096.0 
1749.1223520002081  19148.719098188532  4128.0 
1762.6814400002102  19148.631655988444  4160.0 
1776.2405280002122  19148.544213788355  4192.0 
1789.7996160002147  19148.456771588266  4224.0 
1803.3587040002174  19148.369329388177  4256.0 
1816.9177920002196  19148.281887188088  4288.0 
1830.4768800002216  19148.194444988  4320.0 
1844.035968000224  19148.10700278791  4352.0 
1857.5950560002273  19148.01956058782  4384.0 
1871.1541440002297  19147.932118387733  4416.0 
1884.7132320002315  19147.844676187644  4448.0 
1898.2723200002351  19147.757233987555  4480.0 
1911.8314080002388  19147.669791787466  4512.0 
1925.3904960002415  19147.582349587377  4544.0 
1938.9495840002442  19147.49490738729  4576.0 
1952.508672000248  19147.4074651872  4608.0 
1966.067760000251  19147.32002298711  4640.0 
1979.626848000254  19147.232580787022  4672.0 
1993.1859360002554  19147.145138586933  4704.0 
2006.7450240002588  19147.057696386844  4736.0 
2020.3041120002626  19146.970254186755  4768.0 
2033.8632000002647  19146.882811986667  4800.0 
2047.4222880002683  19146.795369786578  4832.0 
2060.9813760002676  19146.70792758649  4864.0 
2074.5404640002707  19146.6204853864  4896.0 
2088.0995520002743  19146.53304318631  4928.0 
2101.6586400002748  19146.445600986222  4960.0 
2115.217728000277  19146.358158786134  4992.0 
2128.776816000278  19146.270716586045  5024.0 
2142.3359040002792  19146.183274385956  5056.0 
2155.8949920002806  19146.095832185867  5088.0 
2169.454080000282  19146.00838998578  5120.0 
2183.0131680002855  19145.92094778569  5152.0 
2196.5722560002873  19145.8335055856  5184.0 
2210.1313440002896  19145.74606338551  5216.0 
2223.6904320002923  19145.658621185423  5248.0 
2237.2495200002927  19145.571178985334  5280.0 
2250.8086080002945  19145.483736785245  5312.0 
2264.3676960002936  19145.396294585156  5344.0 
2277.926784000297  19145.308852385067  5376.0 
2291.4858720002994  19145.22141018498  5408.0 
2305.044960000298  19145.13396798489  5440.0 
2318.6040480003016  19145.0465257848  5472.0 
2332.163136000303  19144.959083584712  5504.0 
2345.722224000303  19144.871641384623  5536.0 
2359.2813120003057  19144.784199184534  5568.0 
2372.8404000003065  19144.696756984446  5600.0 
2386.3994880003065  19144.609314784357  5632.0 
2399.9585760003083  19144.521872584268  5664.0 
2413.51766400031  19144.43443038418  5696.0 
2427.0767520003137  19144.34698818409  5728.0 
2440.6358400003155  19144.259545984  5760.0 
2454.194928000315  19144.172103783912  5792.0 
2467.7540160003173  19144.084661583824  5824.0 
2481.313104000322  19143.997219383735  5856.0 
2494.872192000321  19143.909777183646  5888.0 
2508.431280000319  19143.822334983557  5920.0 
2521.9903680003194  19143.73489278347  5952.0 
2535.549456000323  19143.64745058338  5984.0 
2549.1085440003253  19143.56000838329  6016.0 
2562.667632000325  19143.4725661832  6048.0 
2576.2267200003253  19143.385123983113  6080.0 
2589.785808000327  19143.297681783024  6112.0 
2603.344896000325  19143.210239582935  6144.0 
2616.903984000328  19143.122797382846  6176.0 
2630.4630720003283  19143.035355182757  6208.0 
2644.0221600003324  19142.94791298267  6240.0 
2657.581248000334  19142.86047078258  6272.0 
2671.140336000332  19142.77302858249  6304.0 
2684.6994240003346  19142.685586382402  6336.0 
2698.2585120003364  19142.598144182313  6368.0 
2711.817600000336  19142.510701982224  6400.0 
2725.3766880003363  19142.423259782136  6432.0 
2738.9357760003372  19142.335817582047  6464.0 
2752.4948640003395  19142.248375381958  6496.0 
2766.053952000339  19142.16093318187  6528.0 
2779.6130400003417  19142.07349098178  6560.0 
2793.172128000341  19141.98604878169  6592.0 
2806.731216000344  19141.898606581603  6624.0 
2820.2903040003466  19141.811164381514  6656.0 
2833.8493920003507  19141.723722181425  6688.0 
2847.408480000351  19141.636279981336  6720.0 
2860.967568000355  19141.548837781247  6752.0 
2874.5266560003556  19141.46139558116  6784.0 
2888.0857440003574  19141.37395338107  6816.0 
2901.6448320003574  19141.28651118098  6848.0 
2915.2039200003587  19141.19906898089  6880.0 
2928.763008000361  19141.111626780803  6912.0 
2942.3220960003605  19141.024184580714  6944.0 
2955.881184000362  19140.936742380625  6976.0 
2969.4402720003604  19140.849300180536  7008.0 
2982.999360000363  19140.761857980448  7040.0 
2996.558448000367  19140.67441578036  7072.0 
3010.1175360003667  19140.58697358027  7104.0 
3023.676624000366  19140.49953138018  7136.0 
3037.2357120003694  19140.412089180092  7168.0 
3050.7948000003685  19140.324646980003  7200.0 
3064.353888000369  19140.237204779914  7232.0 
3077.9129760003707  19140.149762579826  7264.0 
3091.4720640003734  19140.062320379737  7296.0 
3105.0311520003747  19139.974878179648  7328.0 
3118.5902400003765  19139.88743597956  7360.0 
3132.149328000376  19139.79999377947  7392.0 
3145.708416000378  19139.71255157938  7424.0 
3159.2675040003774  19139.625109379293  7456.0 
3172.8265920003773  19139.537667179204  7488.0 
3186.3856800003805  19139.450224979115  7520.0 
3199.9447680003805  19139.362782779026  7552.0 
3213.503856000382  19139.275340578937  7584.0 
3227.062944000383  19139.18789837885  7616.0 
3240.6220320003845  19139.10045617876  7648.0 
3254.1811200003863  19139.01301397867  7680.0 
3267.740208000388  19138.92557177858  7712.0 
3281.299296000385  19138.838129578493  7744.0 
3294.8583840003876  19138.750687378404  7776.0 
3308.417472000388  19138.663245178315  7808.0 
3321.976560000387  19138.575802978226  7840.0 
3335.5356480003898  19138.488360778138  7872.0 
3349.094736000392  19138.40091857805  7904.0 
3362.6538240003933  19138.31347637796  7936.0 
3376.212912000395  19138.22603417787  7968.0 
3389.772000000397  19138.138591977782  8000.0 
3403.331088000398  19138.051149777693  8032.0 
3416.8901760003987  19137.963707577605  8064.0 
3430.4492640003996  19137.876265377516  8096.0 
3444.008352000401  19137.788823177427  8128.0 
3457.567440000404  19137.701380977338  8160.0 
3471.1265280004054  19137.61393877725  8192.0 
3484.685616000409  19137.52649657716  8224.0 
3498.244704000412  19137.43905437707  8256.0 
3511.803792000412  19137.351612176983  8288.0 
3525.3628800004153  19137.264169976894  8320.0 
3538.9219680004167  19137.176727776805  8352.0 
3552.481056000417  19137.089285576716  8384.0 
3566.040144000419  19137.001843376627  8416.0 
3579.599232000422  19136.91440117654  8448.0 
3593.1583200004234  19136.82695897645  8480.0 
3606.717408000426  19136.73951677636  8512.0 
3620.2764960004274  19136.652074576272  8544.0 
3633.8355840004274  19136.564632376183  8576.0 
3647.394672000428  19136.477190176094  8608.0 
3660.953760000429  19136.389747976005  8640.0 
3674.5128480004314  19136.302305775916  8672.0 
3688.071936000434  19136.214863575828  8704.0 
3701.6310240004354  19136.12742137574  8736.0 
3715.1901120004354  19136.03997917565  8768.0 
3728.74920000044  19135.95253697556  8800.0 
3742.3082880004417  19135.865094775472  8832.0 
3755.867376000445  19135.777652575383  8864.0 
3769.426464000445  19135.690210375295  8896.0 
3782.985552000445  19135.602768175206  8928.0 
3796.544640000446  19135.515325975117  8960.0 
3810.1037280004475  19135.427883775028  8992.0 
3823.662816000449  19135.34044157494  9024.0 
3837.2219040004516  19135.25299937485  9056.0 
3850.780992000453  19135.16555717476  9088.0 
3864.3400800004542  19135.078114974673  9120.0 
3877.899168000456  19134.990672774584  9152.0 
3891.4582560004565  19134.903230574495  9184.0 
3905.0173440004587  19134.815788374406  9216.0 
3918.5764320004614  19134.728346174317  9248.0 
3932.135520000461  19134.64090397423  9280.0 
3945.6946080004636  19134.55346177414  9312.0 
3959.2536960004654  19134.46601957405  9344.0 
3972.812784000465  19134.378577373962  9376.0 
3986.371872000464  19134.291135173873  9408.0 
3999.930960000465  19134.203692973784  9440.0 
4013.4900480004676  19134.116250773695  9472.0 
4027.0491360004703  19134.028808573607  9504.0 
4040.6082240004707  19133.941366373518  9536.0 
4054.1673120004752  19133.85392417343  9568.0 
4067.726400000477  19133.76648197334  9600.0 
4081.2854880004757  19133.67903977325  9632.0 
4094.8445760004774  19133.591597573162  9664.0 
4108.40366400047  19133.504155373073  9696.0 
4121.962752000459  19133.416713172985  9728.0 
4135.521840000447  19133.329270972896  9760.0 
4149.080928000439  19133.241828772807  9792.0 
4162.64001600043  19133.154386572718  9824.0 
4176.199104000424  19133.06694437263  9856.0 
4189.758192000415  19132.97950217254  9888.0 
4203.317280000405  19132.89205997245  9920.0 
4216.876368000394  19132.804617772363  9952.0 
4230.435456000377  19132.717175572274  9984.0 
4243.994544000367  19132.629733372185  10016.0 
4257.5536320003575  19132.542291172096  10048.0 
4271.112720000345  19132.454848972007  10080.0 
4284.671808000333  19132.36740677192  10112.0 
4298.230896000321  19132.27996457183  10144.0 
4311.789984000308  19132.19252237174  10176.0 
4325.349072000296  19132.105080171652  10208.0 
4338.908160000288  19132.017637971563  10240.0 
4352.46724800028  19131.930195771474  10272.0 
4366.026336000274  19131.842753571385  10304.0 
4379.585424000263  19131.755311371297  10336.0 
4393.144512000253  19131.667869171208  10368.0 
4406.703600000247  19131.58042697112  10400.0 
4420.262688000235  19131.49298477103  10432.0 
4433.82177600022  19131.40554257094  10464.0 
4447.380864000213  19131.318100370852  10496.0 
4460.939952000201  19131.230658170763  10528.0 
4474.499040000193  19131.143215970675  10560.0 
4488.058128000186  19131.055773770586  10592.0 
4501.617216000175  19130.968331570497  10624.0 
4515.176304000166  19130.880889370408  10656.0 
4528.735392000161  19130.79344717032  10688.0 
4542.294480000148  19130.70600497023  10720.0 
4555.853568000139  19130.61856277014  10752.0 
4569.4126560001305  19130.531120570053  10784.0 
4582.971744000126  19130.443678369964  10816.0 
4596.530832000118  19130.356236169875  10848.0 
4610.089920000102  19130.268793969786  10880.0 
4623.649008000092  19130.181351769697  10912.0 
4637.208096000087  19130.09390956961  10944.0 
4650.767184000077  19130.00646736952  10976.0 
4664.32627200007  19129.91902516943  11008.0 
4677.885360000066  19129.831582969342  11040.0 
4691.4444480000575  19129.744140769253  11072.0 
4705.0035360000475  19129.656698569164  11104.0 
4718.562624000034  19129.569256369075  11136.0 
4732.121712000024  19129.481814168987  11168.0 
4745.680800000014  19129.394371968898  11200.0 
4759.239888000002  19129.30692976881  11232.0 
4772.79897599999  19129.21948756872  11264.0 
4786.358063999981  19129.13204536863  11296.0 
4799.917151999971  19129.044603168542  11328.0 
4813.47623999996  19128.957160968454  11360.0 
4827.035327999945  19128.869718768365  11392.0 
4840.59441599994  19128.782276568276  11424.0 
4854.153503999934  19128.694834368187  11456.0 
4867.712591999922  19128.607392168098  11488.0 
4881.27167999991  19128.51994996801  11520.0 
4894.830767999905  19128.43250776792  11552.0 
4908.389855999901  19128.34506556783  11584.0 
4921.948943999894  19128.257623367743  11616.0 
4935.508031999881  19128.170181167654  11648.0 
4949.067119999873  19128.082738967565  11680.0 
4962.626207999864  19127.995296767476  11712.0 
4976.185295999857  19127.907854567387  11744.0 
4989.744383999847  19127.8204123673  11776.0 
5003.303471999847  19127.73297016721  11808.0 
5016.86255999984  19127.64552796712  11840.0 
5030.421647999831  19127.558085767032  11872.0 
5043.9807359998185  19127.470643566943  11904.0 
5057.539823999814  19127.383201366854  11936.0 
5071.098911999808  19127.295759166765  11968.0 
5084.6579999997975  19127.208316966677  12000.0 
5098.217087999789  19127.120874766588  12032.0 
5111.77617599978  19127.0334325665  12064.0 
5125.335263999773  19126.94599036641  12096.0 
5138.894351999763  19126.85854816632  12128.0 
5152.453439999752  19126.771105966232  12160.0 
5166.012527999745  19126.683663766144  12192.0 
5179.571615999734  19126.596221566055  12224.0 
5193.130703999723  19126.508779365966  12256.0 
5206.689791999712  19126.42033616587  12288.0 
5220.248879999701  19126.33160696577  12320.0 
5233.807967999695  19126.24287776567  12352.0 
5247.367055999685  19126.154148565573  12384.0 
5260.926143999681  19126.065419365474  12416.0 
5274.485231999675  19125.976690165375  12448.0 
5288.044319999669  19125.887960965276  12480.0 
5301.603407999658  19125.799231765177  12512.0 
5315.16249599965  19125.710502565078  12544.0 
5328.721583999642  19125.62177336498  12576.0 
5342.2806719996315  19125.53304416488  12608.0 
5355.839759999625  19125.44431496478  12640.0 
5369.398847999615  19125.355585764682  12672.0 
5382.957935999611  19125.266856564584  12704.0 
5396.517023999604  19125.178127364485  12736.0 
5410.076111999601  19125.089398164386  12768.0 
5423.635199999589  19125.000668964287  12800.0 
5437.194287999575  19124.911939764188  12832.0 
5450.7533759995695  19124.82321056409  12864.0 
5464.312463999561  19124.73448136399  12896.0 
5477.871551999555  19124.64575216389  12928.0 
5491.430639999544  19124.557022963792  12960.0 
5504.989727999541  19124.468293763694  12992.0 
5518.548815999533  19124.379564563595  13024.0 
5532.107903999526  19124.290835363496  13056.0 
5545.6669919995165  19124.202106163397  13088.0 
5559.226079999511  19124.113376963298  13120.0 
5572.785167999505  19124.0246477632  13152.0 
5586.3442559994955  19123.9359185631  13184.0 
5599.9033439994855  19123.847189363  13216.0 
5613.462431999474  19123.758460162902  13248.0 
5627.021519999471  19123.669730962803  13280.0 
5640.580607999465  19123.581001762705  13312.0 
5654.139695999454  19123.492272562606  13344.0 
5667.698783999454  19123.403543362507  13376.0 
5681.2578719994435  19123.314814162408  13408.0 
5694.816959999435  19123.22608496231  13440.0 
5708.376047999433  19123.13735576221  13472.0 
5721.935135999423  19123.04862656211  13504.0 
5735.494223999415  19122.959897362012  13536.0 
5749.053311999404  19122.871168161913  13568.0 
5762.612399999397  19122.782438961814  13600.0 
5776.171487999389  19122.693709761716  13632.0 
5789.730575999383  19122.604980561617  13664.0 
5803.289663999367  19122.516251361518  13696.0 
5816.848751999364  19122.42752216142  13728.0 
5830.4078399993605  19122.33879296132  13760.0 
5843.966927999348  19122.25006376122  13792.0 
5857.526015999334  19122.161334561122  13824.0 
5871.085103999324  19122.072605361023  13856.0 
5884.6441919993185  19121.983876160924  13888.0 
5898.203279999312  19121.895146960826  13920.0 
5911.762367999304  19121.806417760727  13952.0 
5925.321455999296  19121.717688560628  13984.0 
5938.8805439992875  19121.62895936053  14016.0 
5952.4396319992775  19121.54023016043  14048.0 
5965.998719999268  19121.45150096033  14080.0 
5979.55780799926  19121.362771760232  14112.0 
5993.116895999256  19121.274042560133  14144.0 
6006.675983999251  19121.185313360034  14176.0 
6020.235071999245  19121.096584159935  14208.0 
6033.794159999239  19121.007854959837  14240.0 
6047.353247999233  19120.919125759738  14272.0 
6060.912335999228  19120.83039655964  14304.0 
6074.471423999219  19120.74166735954  14336.0 
6088.03051199921  19120.65293815944  14368.0 
6101.589599999205  19120.564208959342  14400.0 
6115.148687999195  19120.475479759243  14432.0 
6128.707775999185  19120.386750559144  14464.0 
6142.266863999177  19120.298021359045  14496.0 
6155.825951999171  19120.209292158946  14528.0 
6169.3850399991625  19120.120562958848  14560.0 
6182.944127999155  19120.03183375875  14592.0 
6196.503215999148  19119.94310455865  14624.0 
6210.06230399914  19119.85437535855  14656.0 
6223.62139199913  19119.765646158452  14688.0 
6237.180479999127  19119.676916958353  14720.0 
6250.739567999116  19119.588187758254  14752.0 
6264.29865599911  19119.499458558155  14784.0 
6277.857743999104  19119.410729358056  14816.0 
6291.416831999096  19119.322000157958  14848.0 
6304.97591999909  19119.23327095786  14880.0 
6318.535007999081  19119.14454175776  14912.0 
6332.094095999073  19119.05581255766  14944.0 
6345.6531839990685  19118.967083357562  14976.0 
6359.21227199906  19118.878354157463  15008.0 
6372.771359999049  19118.789624957364  15040.0 
6386.330447999044  19118.700895757265  15072.0 
6399.889535999034  19118.612166557166  15104.0 
6413.448623999026  19118.523437357067  15136.0 
6427.007711999024  19118.43470815697  15168.0 
6440.5667999990155  19118.34597895687  15200.0 
6454.125887999008  19118.25724975677  15232.0 
6467.684975998998  19118.168520556672  15264.0 
6481.244063998989  19118.079791356573  15296.0 
6494.8031519989845  19117.991062156474  15328.0 
6508.362239998975  19117.902332956375  15360.0 
6521.921327998966  19117.813603756276  15392.0 
6535.480415998956  19117.724874556177  15424.0 
6549.039503998952  19117.63614535608  15456.0 
6562.598591998936  19117.54741615598  15488.0 
6576.157679998928  19117.45868695588  15520.0 
6589.716767998924  19117.36995775578  15552.0 
6603.275855998919  19117.281228555683  15584.0 
6616.834943998907  19117.192499355584  15616.0 
6630.394031998898  19117.103770155485  15648.0 
6643.95311999889  19117.015040955386  15680.0 
6657.512207998882  19116.926311755287  15712.0 
6671.071295998875  19116.83758255519  15744.0 
6684.630383998869  19116.74885335509  15776.0 
6698.189471998858  19116.66012415499  15808.0 
6711.748559998849  19116.57139495489  15840.0 
6725.307647998839  19116.482665754793  15872.0 
6738.866735998827  19116.393936554694  15904.0 
6752.425823998819  19116.305207354595  15936.0 
6765.98491199881  19116.216478154496  15968.0 
6779.5439999988  19116.127748954397  16000.0 
6793.103087998794  19116.0390197543  16032.0 
6806.662175998788  19115.9502905542  16064.0 
6820.221263998776  19115.8615613541  16096.0 
6833.780351998766  19115.772832154  16128.0 
6847.339439998754  19115.684102953903  16160.0 
6860.898527998746  19115.595373753804  16192.0 
6874.457615998737  19115.506644553705  16224.0 
6888.016703998729  19115.417915353606  16256.0 
6901.575791998719  19115.329186153507  16288.0 
6915.134879998714  19115.24045695341  16320.0 
6928.693967998706  19115.15172775331  16352.0 
6942.253055998697  19115.06299855321  16384.0 
6955.812143998686  19114.97426935311  16416.0 
6969.371231998679  19114.885540153013  16448.0 
6982.930319998669  19114.796810952914  16480.0 
6996.489407998657  19114.708081752815  16512.0 
7010.048495998643  19114.619352552716  16544.0 
7023.607583998639  19114.530623352617  16576.0 
7037.166671998629  19114.44189415252  16608.0 
7050.725759998621  19114.35316495242  16640.0 
7064.284847998615  19114.26443575232  16672.0 
7077.843935998608  19114.17570655222  16704.0 
7091.403023998596  19114.086977352123  16736.0 
7104.962111998583  19113.998248152024  16768.0 
7118.521199998577  19113.909518951925  16800.0 
7132.0802879985695  19113.820789751826  16832.0 
7145.639375998565  19113.732060551727  16864.0 
7159.198463998557  19113.643331351628  16896.0 
7172.7575519985485  19113.55460215153  16928.0 
7186.316639998544  19113.46587295143  16960.0 
7199.875727998536  19113.37714375133  16992.0 
7213.434815998527  19113.288414551233  17024.0 
7226.993903998514  19113.199685351134  17056.0 
7240.552991998506  19113.110956151035  17088.0 
7254.112079998494  19113.022226950936  17120.0 
7267.671167998484  19112.933497750837  17152.0 
7281.230255998476  19112.844768550738  17184.0 
